FrameNo,nose_3d_x,nose_3d_y,nose_3d_z,left_shoulder_3d_x,left_shoulder_3d_y,left_shoulder_3d_z,left_elbow_3d_x,left_elbow_3d_y,left_elbow_3d_z,right_shoulder_3d_x,right_shoulder_3d_y,right_shoulder_3d_z,right_elbow_3d_x,right_elbow_3d_y,right_elbow_3d_z,left_wrist_3d_x,left_wrist_3d_y,left_wrist_3d_z,right_wrist_3d_x,right_wrist_3d_y,right_wrist_3d_z,left_hip_3d_x,left_hip_3d_y,left_hip_3d_z,right_hip_3d_x,right_hip_3d_y,right_hip_3d_z,left_knee_3d_x,left_knee_3d_y,left_knee_3d_z,right_knee_3d_x,right_knee_3d_y,right_knee_3d_z,left_ankle_3d_x,left_ankle_3d_y,left_ankle_3d_z,right_ankle_3d_x,right_ankle_3d_y,right_ankle_3d_z
40,1.040319,0.7154865,0.0425285,0.879957,0.5558565,0.0323684999999999,0.824697,0.7767465,-0.0599875,1.188137,0.5220865,0.0422064999999999,1.257257,0.7439865,-0.0402555,0.8230470000000001,1.0578965,-0.1398075,1.249317,1.0183965,-0.1379575,0.938901,0.0031724999999999,0.0034704999999999,1.061099,-0.0031725,-0.0034705,0.881297,-0.3542035,0.0039894999999999,1.114597,-0.3623335,-0.0084475,0.8169370000000001,-0.9023535,0.0247994999999999,1.1567569999999998,-0.8642835,0.0122994999999999
41,1.040338,0.7156680000000001,0.0430944999999999,0.879983,0.556018,0.0322605,0.824613,0.776958,-0.0595655,1.1882030000000001,0.5222380000000001,0.0421184999999999,1.257113,0.744128,-0.0401824999999999,0.8230330000000001,1.057818,-0.1394655,1.249393,1.018118,-0.1380954999999999,0.93891,0.003153,0.0033305,1.06109,-0.0031529999999999,-0.0033305,0.881333,-0.3542119999999999,0.0041664999999999,1.114633,-0.3622919999999999,-0.0083115,0.815023,-0.914122,0.0256394999999999,1.157123,-0.864292,0.0121944999999999
42,1.0403494999999998,0.7159679999999999,0.043599,0.8800105,0.556338,0.032169,0.8245205000000001,0.777238,-0.059167,1.1882705,0.522548,0.042029,1.2569605,0.7440979999999999,-0.040129,0.8230505000000001,1.057898,-0.139147,1.2493205,1.017298,-0.138247,0.9389065,0.0031429999999999,0.003186,1.0610935,-0.003143,-0.003186,0.8813405,-0.354202,0.004448,1.1147205,-0.3622919999999999,-0.008256,0.8152305,-0.914592,0.025467,1.1574305,-0.8642920000000001,0.012102
43,1.040352,0.7162364999999999,0.0440114999999999,0.8800520000000001,0.5566065,0.0320484999999999,0.824422,0.7774865,-0.0588515,1.188312,0.5228165,0.0419265,1.256812,0.7440264999999999,-0.0401735,0.8230919999999999,1.0580665,-0.1389415,1.249142,1.0155665,-0.1384215,0.938905,0.0031424999999999,0.0030254999999999,1.061095,-0.0031425,-0.0030255,0.881362,-0.3542035,0.0048484999999999,1.114742,-0.3622935,-0.0079295,0.815252,-0.9153735,0.0253014999999999,1.157602,-0.8642935,0.0119134999999999
44,1.040296,0.716467,0.0442365,0.880073,0.556847,0.0317965,0.824303,0.777597,-0.0587274999999999,1.188313,0.523107,0.0416905,1.256633,0.7438670000000001,-0.0404394999999999,0.823123,1.058237,-0.1389875,1.248783,1.014637,-0.1388075,0.938903,0.003141,0.0029295,1.061097,-0.003141,-0.0029295,0.881383,-0.354213,0.0051365,1.114763,-0.362293,-0.0080124999999999,0.815083,-0.916473,0.0246494999999999,1.157713,-0.8643029999999999,0.0115745
45,1.040203,0.7166680000000001,0.044325,0.8800790000000001,0.5570980000000001,0.031503,0.824159,0.7776480000000001,-0.0587629999999999,1.188279,0.5234380000000001,0.041398,1.256379,0.743638,-0.040785,0.823129,1.058348,-0.139133,1.248329,1.014048,-0.139353,0.93891,0.003161,0.002839,1.06109,-0.0031609999999999,-0.0028389999999999,0.881499,-0.3542119999999999,0.005571,1.114779,-0.362322,-0.008111,0.814779,-0.917662,0.024199,1.157759,-0.864352,0.011377
46,1.040069,0.7169325000000001,0.0443375,0.880081,0.5574625000000001,0.0311415,0.823981,0.7777925,-0.0589384999999999,1.188251,0.5237825,0.0410055,1.256121,0.7434525000000001,-0.0412115,0.823141,1.0583625,-0.1392985,1.247841,1.0124624999999998,-0.1401084999999999,0.9389149999999999,0.0032034999999999,0.0028625,1.061085,-0.0032034999999999,-0.0028624999999999,0.881681,-0.3542175,0.0060005,1.1147909999999999,-0.3623875,-0.0082654999999999,0.814821,-0.9181475,0.0233925,1.1577709999999999,-0.8644474999999999,0.0112175
47,1.039904,0.717287,0.0442635,0.880105,0.557917,0.0307194999999999,0.823785,0.7780170000000001,-0.0591685,1.188215,0.523997,0.0405385,1.255795,0.743287,-0.0416745,0.8230649999999999,1.058517,-0.1395185,1.247195,1.010917,-0.1412385,0.9389190000000001,0.003197,0.0029474999999999,1.061081,-0.0031969999999999,-0.0029474999999999,0.881855,-0.3542929999999999,0.0061784999999999,1.114835,-0.362413,-0.0084914999999999,0.813145,-0.930743,0.0236744999999999,1.157775,-0.864433,0.0113105
48,1.039735,0.7176440000000001,0.0439855,0.880124,0.558384,0.0300945,0.823544,0.778174,-0.0596015,1.188184,0.524144,0.0398415,1.255454,0.743084,-0.0423215,0.822904,1.058084,-0.1400415,1.246504,1.010584,-0.1431815,0.938928,0.003172,0.0029134999999999,1.061072,-0.0031719999999999,-0.0029134999999999,0.882044,-0.354416,0.0060935,1.114894,-0.3624259999999999,-0.0087575,0.811564,-0.943356,0.0244085,1.157864,-0.864436,0.0111534999999999
49,1.039544,0.7179945,0.0434674999999999,0.88013,0.5589045,0.0292254999999999,0.8232200000000001,0.7783345,-0.0603485,1.18811,0.5243045,0.0389005,1.25509,0.7429245,-0.0432175,0.82263,1.0578344999999998,-0.1409485,1.24589,1.0095345,-0.1454985,0.938961,0.0031564999999999,0.0028494999999999,1.061039,-0.0031565,-0.0028495,0.88224,-0.3545455,0.0056534999999999,1.1149399999999998,-0.3624555,-0.0091085,0.81009,-0.9558855,0.0250754999999999,1.15794,-0.8644755,0.0105554999999999
50,1.0393189999999999,0.7182945000000001,0.042718,0.880158,0.5593945,0.02819,0.822848,0.7782945,-0.061324,1.187978,0.5243845,0.037742,1.2546879999999998,0.7427645,-0.044376,0.8223180000000001,1.0575845,-0.1421339999999999,1.245258,1.0091845,-0.147814,0.938995,0.0031214999999999,0.002897,1.061005,-0.0031214999999999,-0.0028969999999999,0.882468,-0.3547355,0.0051389999999999,1.1149879999999999,-0.3624655,-0.0095499999999999,0.810538,-0.9558655,0.024401,1.157988,-0.8644955,0.009862
51,1.0390775,0.7182945000000001,0.041629,0.8801905,0.5593945,0.027032,0.8223705,0.7782945,-0.062442,1.1878305,0.5243845,0.036485,1.2542404999999999,0.7427645,-0.045709,0.8219205,1.0574845,-0.143472,1.2446905,1.0088845,-0.149762,0.9390485,0.0031214999999999,0.002973,1.0609515,-0.0031214999999999,-0.0029729999999999,0.8827105,-0.3547355,0.004162,1.1150004999999998,-0.3624655,-0.0101469999999999,0.8110505,-0.9559455,0.024024,1.1579405,-0.8644955,0.008921
52,1.0388,0.7182945000000001,0.04035,0.8802130000000001,0.5593945,0.025735,0.821783,0.7782945,-0.063839,1.187653,0.5243845,0.035036,1.253713,0.7427645,-0.047353,0.8214230000000001,1.0572845,-0.144959,1.244203,1.0081845,-0.151839,0.939124,0.0031214999999999,0.002935,1.060876,-0.0031214999999999,-0.002935,0.882733,-0.3547355,0.002945,1.115003,-0.3624655,-0.0108989999999999,0.811163,-0.9559455,0.023463,1.157883,-0.8644955,0.007885
53,1.038613,0.7182945000000001,0.038708,0.880314,0.5593945,0.024196,0.821184,0.7782945,-0.065543,1.187534,0.5243845,0.0332859999999999,1.2531839999999999,0.7427645,-0.049517,0.820994,1.0569845,-0.146663,1.243854,1.0082845,-0.154173,0.939186,0.0031214999999999,0.0030019999999999,1.060814,-0.0031214999999999,-0.003002,0.882844,-0.3547355,0.0014909999999999,1.115114,-0.3624655,-0.012353,0.811274,-0.9560755,0.022009,1.157964,-0.8644955,0.0066599999999999
54,1.038368,0.7183705,0.0370685,0.880444,0.5597905000000001,0.0225895,0.8204940000000001,0.7780605,-0.0673185,1.187414,0.5243405000000001,0.0313495,1.252644,0.7427805000000001,-0.0522885,0.820604,1.0560105,-0.1485985,1.2434839999999998,1.0078105000000002,-0.1568985,0.9392680000000001,0.0030965,0.0030535,1.0607319999999998,-0.0030964999999999,-0.0030534999999999,0.882984,-0.3549295,-0.0001144999999999,1.115044,-0.3625295,-0.0139665,0.811654,-0.9552395,0.0199845,1.1581139999999999,-0.8645594999999999,0.0052825
55,1.038137,0.7182784999999999,0.0350425,0.8805750000000001,0.5602685,0.0207705,0.819645,0.7776084999999999,-0.0696114999999999,1.187285,0.5243285,0.0291715,1.252135,0.7427984999999999,-0.0556285,0.8202050000000001,1.0546285000000002,-0.1511114999999999,1.243085,1.0072285,-0.1601115,0.939376,0.0031134999999999,0.0028224999999999,1.060624,-0.0031135,-0.0028224999999999,0.883075,-0.3551315,-0.0032625,1.114975,-0.3626515,-0.0157184999999999,0.810225,-0.9658615,0.0181805,1.158345,-0.8646815,0.0037965
56,1.0376964999999998,0.717713,0.0313965,0.8806225,0.560673,0.0178385,0.8183925,0.776823,-0.0734525,1.1871225,0.524543,0.0262145,1.2515925,0.742723,-0.0606285,0.8199625,1.052443,-0.1549325,1.2425125,1.006343,-0.1646024999999999,0.9395515,0.0032599999999999,0.0023135,1.0604485,-0.00326,-0.0023134999999999,0.8833025,-0.3552269999999999,-0.0076265,1.1148624999999999,-0.362927,-0.0184874999999999,0.8105325000000001,-0.964417,0.0150155,1.1586325,-0.864827,0.0018805
57,1.037295,0.7168085,0.0269995,0.8807560000000001,0.5613085,0.0146864999999999,0.817116,0.7755885,-0.0780515,1.187086,0.5247885000000001,0.0228734999999999,1.2512459999999999,0.7423485000000001,-0.0664785,0.820016,1.0493385,-0.1593815,1.241946,1.0063385,-0.1697815,0.9397390000000001,0.0034144999999999,0.0018904999999999,1.060261,-0.0034145,-0.0018905,0.8836560000000001,-0.3553515,-0.0134805,1.114946,-0.3631915,-0.0228785,0.810986,-0.9628315,0.0117584999999999,1.160266,-0.8738215,-7.550000000000265e-05
58,1.0368175,0.7153125,0.021833,0.8809555,0.5613525,0.011006,0.8157955,0.7739925,-0.083322,1.1871055,0.5251725,0.019434,1.2510655,0.7414324999999999,-0.0729819999999999,0.8200155,1.0458225,-0.164282,1.2412755,1.0062225,-0.175672,0.9398835,0.0035164999999999,0.001535,1.0601165,-0.0035165,-0.0015349999999999,0.8840155,-0.3554675,-0.019635,1.1153355,-0.3633575,-0.027287,0.8114855,-0.9601475,0.008475,1.1619455,-0.8823475000000001,-0.0020299999999999
59,1.0364935,0.714116,0.0157874999999999,0.8809255,0.557946,0.0043964999999999,0.8147055,0.771636,-0.0894705,1.1868355,0.524916,0.0145784999999999,1.2511855,0.740826,-0.0803504999999999,0.8201855,1.042816,-0.1697505,1.2406855,1.006816,-0.1821205,0.9399525,0.0036189999999999,0.0010104999999999,1.0600475,-0.0036189999999999,-0.0010105,0.8843055,-0.355474,-0.0265315,1.1160155,-0.363454,-0.0319095,0.8125755,-0.956224,0.0052274999999999,1.1638455,-0.889174,-0.0043285
60,1.036271,0.7121385,0.0090545,0.880888,0.5548285,-0.0022874999999999,0.813658,0.7689284999999999,-0.0961915,1.186608,0.5248784999999999,0.0096115,1.251478,0.7396984999999999,-0.0882115,0.820918,1.0395385,-0.1759615,1.239988,1.0071385000000002,-0.1892515,0.940009,0.0037345,0.0004275,1.059991,-0.0037345,-0.0004274999999999,0.884558,-0.3553615,-0.0344934999999999,1.116728,-0.3634815,-0.0370475,0.813938,-0.9520415,0.0017595,1.1657980000000001,-0.8956515,-0.0066684999999999
61,1.0361615,0.709399,0.001535,0.8809025,0.552029,-0.00925,0.8127125,0.766459,-0.103539,1.1862825,0.525509,0.004614,1.2520125,0.738449,-0.096699,0.8217425,1.032459,-0.182969,1.2391825,1.007559,-0.197099,0.9400355,0.0037159999999999,-1.6999999999999654e-05,1.0599645,-0.003716,1.6999999999999654e-05,0.8846525000000001,-0.355281,-0.042864,1.1175325,-0.363251,-0.0428589999999999,0.8145825,-0.948421,-0.0006859999999999,1.1678225,-0.901261,-0.009222
62,1.036088,0.7067899999999999,-0.0064624999999999,0.880505,0.5493899999999999,-0.0167545,0.8117150000000001,0.76462,-0.1115565,1.185835,0.5255299999999999,-0.0013214999999999,1.252775,0.7376499999999999,-0.1056064999999999,0.822565,1.02717,-0.1899265,1.238785,1.00807,-0.2054865,0.939993,0.0037569999999999,-0.0006675,1.060007,-0.003757,0.0006675,0.884655,-0.3549799999999999,-0.0517835,1.118525,-0.36289,-0.0491895,0.8161050000000001,-0.94169,-0.0040684999999999,1.1697449999999998,-0.90543,-0.0118865
63,1.036103,0.7035604999999999,-0.014554,0.880099,0.5471905,-0.023978,0.810709,0.7623004999999999,-0.120344,1.1853690000000001,0.5259404999999999,-0.006931,1.253679,0.7365205,-0.114704,0.823559,1.0225205,-0.197844,1.238529,1.0081205,-0.214184,0.9399050000000001,0.0037835,-0.0013039999999999,1.060095,-0.0037835,0.0013039999999999,0.884629,-0.3545795,-0.060752,1.119719,-0.3623395,-0.055824,0.817699,-0.9354995,-0.006211,1.171599,-0.9089995,-0.01409
64,1.0363825,0.701128,-0.0226555,0.8802425,0.544678,-0.0320145,0.8100825,0.7609779999999999,-0.1290885,1.1849525,0.522068,-0.0142075,1.2547725,0.736108,-0.1240085,0.8249225,1.019308,-0.2051285,1.2383725,1.008408,-0.2229685,0.9396965,0.003812,-0.0018375,1.0603035,-0.003812,0.0018375,0.8848125,-0.353922,-0.0691585,1.1214125,-0.361572,-0.0626925,0.8196125,-0.928012,-0.0076434999999999,1.1736825,-0.910392,-0.0159614999999999
65,1.0369035,0.698035,-0.030011,0.8804425,0.5428649999999999,-0.038921,0.8098025,0.759165,-0.137456,1.1845825,0.518505,-0.020703,1.2558125,0.735295,-0.132586,0.8264724999999999,1.0166350000000002,-0.211746,1.2383625,1.000235,-0.230316,0.9394435,0.0037039999999999,-0.00211,1.0605565,-0.0037039999999999,0.00211,0.8849025,-0.353285,-0.076954,1.1231725,-0.360505,-0.068606,0.8216325,-0.920185,-0.008583,1.1757125,-0.911115,-0.0175069999999999
66,1.037282,0.6956425,-0.0368795,0.880481,0.5391525,-0.0463605,0.809501,0.7575025,-0.1456205,1.183921,0.5153125,-0.0269665,1.256311,0.7354425,-0.1408705,0.8280810000000001,1.0154424999999998,-0.2183905,1.238061,0.9930425,-0.2368205,0.938994,0.0035544999999999,-0.0023155,1.061006,-0.0035544999999999,0.0023155,0.884701,-0.3525075,-0.0835844999999999,1.125271,-0.3591475,-0.0734355,0.823401,-0.9108775,-0.0090915,1.1763810000000001,-0.9018375,-0.0187525
67,1.037845,0.693805,-0.0434549999999999,0.880538,0.5333249999999999,-0.0543179999999999,0.809288,0.757325,-0.15357,1.183338,0.512435,-0.033428,1.2569080000000001,0.736955,-0.14924,0.8300280000000001,1.016855,-0.22551,1.237838,0.987005,-0.24311,0.938536,0.0034599999999999,-0.002563,1.061464,-0.00346,0.0025629999999999,0.8844380000000001,-0.351465,-0.09097,1.127908,-0.357585,-0.0788509999999999,0.8239780000000001,-0.900985,-0.009821,1.177078,-0.890725,-0.019939
68,1.0382855,0.6906035,-0.0498285,0.8807425000000001,0.5312435,-0.0593095,0.8087725,0.7572935000000001,-0.1619245,1.1830825,0.5109435,-0.0382565,1.2575725,0.7373235,-0.1578045,0.8320625,1.0175635,-0.2327645,1.2375825,0.9795335,-0.2495045,0.9381215,0.0033645,-0.0025784999999999,1.0618785,-0.0033645,0.0025785,0.8841925,-0.3503165,-0.0980645,1.1306525,-0.3559565,-0.0845995,0.8243925,-0.8915365,-0.0100094999999999,1.1775725,-0.8803365,-0.0209225
69,1.038658,0.689521,-0.0564505,0.8809600000000001,0.5284610000000001,-0.0658054999999999,0.80891,0.7595310000000001,-0.1710895,1.18283,0.509001,-0.0443445,1.25805,0.740861,-0.1674294999999999,0.83419,1.021501,-0.2405995,1.23738,0.975011,-0.2569495,0.937724,0.003159,-0.0025935,1.062276,-0.003159,0.0025934999999999,0.88376,-0.348859,-0.1056594999999999,1.13413,-0.353779,-0.0915295,0.82616,-0.8792989999999999,-0.0104815,1.17793,-0.866699,-0.0219315
70,1.039011,0.688614,-0.0630085,0.881048,0.525564,-0.0724075,0.808458,0.761594,-0.1807545,1.182698,0.506324,-0.0507884999999999,1.259158,0.744524,-0.1765745,0.836268,1.029424,-0.2486245,1.237418,0.970444,-0.2642545,0.937326,0.0031069999999999,-0.0026084999999999,1.062674,-0.0031069999999999,0.0026084999999999,0.8832780000000001,-0.347186,-0.1135245,1.137608,-0.351566,-0.0987744999999999,0.827858,-0.866626,-0.0108725,1.178308,-0.852786,-0.0229785
71,1.0392375,0.6871375,-0.0691455,0.8811765000000001,0.5222475,-0.0785434999999999,0.8080165,0.7628275,-0.1900875,1.1825364999999999,0.5041375,-0.0560494999999999,1.2601965,0.7473775,-0.1853575,0.8381865,1.0355474999999998,-0.2570575,1.2376464999999999,0.9661375,-0.2716175,0.9370025,0.0030185,-0.0027504999999999,1.0629975,-0.0030185,0.0027505,0.8827665,-0.3454125,-0.1213674999999999,1.1408865,-0.3492425,-0.1060074999999999,0.8292265,-0.8542825,-0.0106015,1.1785465,-0.8391925,-0.0232644999999999
72,1.0394425,0.6861045,-0.074772,0.8812595,0.5182045,-0.084927,0.8076795,0.7648345,-0.198277,1.1824195,0.5013945,-0.0612519999999999,1.2611295,0.7503445,-0.192807,0.8397395,1.0414145,-0.264327,1.2379395,0.9632645,-0.2786269999999999,0.9366055000000001,0.0028554999999999,-0.0029889999999999,1.0633944999999998,-0.0028555,0.002989,0.8820095,-0.3434955,-0.129237,1.1441295,-0.3467055,-0.113057,0.8301495,-0.8401554999999999,-0.009933,1.1785294999999998,-0.8241655,-0.0232329999999999
73,1.039491,0.683866,-0.081644,0.88098,0.514806,-0.09162,0.80722,0.761516,-0.20786,1.18204,0.502576,-0.0658709999999999,1.26175,0.745096,-0.20068,0.8411600000000001,1.043966,-0.27286,1.23819,0.954066,-0.2865899999999999,0.936498,0.0026169999999999,-0.0030799999999999,1.063502,-0.002617,0.00308,0.88131,-0.3411039999999999,-0.13752,1.14717,-0.344004,-0.12147,0.83081,-0.826794,-0.010535,1.17827,-0.809874,-0.02422
74,1.0395845,0.6820364999999999,-0.08816,0.8811455,0.5116065000000001,-0.0980999999999999,0.8073855,0.7586465,-0.21642,1.1818255,0.5040165,-0.070281,1.2623655,0.7409265,-0.20738,0.8423055,1.0460365,-0.28115,1.2385155,0.9505665,-0.2947,0.9364205,0.0024534999999999,-0.0030829999999999,1.0635795,-0.0024534999999999,0.003083,0.8808055000000001,-0.3359735,-0.14632,1.1504254999999999,-0.3372635,-0.12985,0.8313955,-0.8123635,-0.0110119999999999,1.1782055,-0.7952535000000001,-0.0250599999999999
75,1.0394285,0.6798995000000001,-0.0950095,0.8813275,0.5088395,-0.1047295,0.8076175,0.7570595,-0.2247495,1.1813875,0.5034495,-0.0762315,1.2626875,0.7374395,-0.2141195,0.8429375,1.0444495,-0.2890795,1.2388875,0.9475495,-0.3031395,0.9363825,0.0023805,-0.0030845,1.0636174999999999,-0.0023804999999999,0.0030844999999999,0.8804375,-0.3284305,-0.1549395,1.1536775,-0.3284305,-0.1382895,0.8317575,-0.7973304999999999,-0.0119085,1.1781075,-0.7798805,-0.0261875
76,1.0391685,0.67787,-0.1020895,0.8818375,0.50993,-0.1109795,0.8078275,0.7546600000000001,-0.2338795,1.1807075,0.5029399999999999,-0.0826295,1.2624675,0.73346,-0.2215695,0.8435275,1.04217,-0.2971795,1.2393975,0.94316,-0.3121395,0.9363375,0.00235,-0.0035684999999999,1.0636625,-0.0023499999999999,0.0035685,0.8800775000000001,-0.31989,-0.1651494999999999,1.1566575000000001,-0.3189599999999999,-0.1474694999999999,0.8320875,-0.78224,-0.0130885,1.1784875,-0.7646900000000001,-0.0279614999999999
77,1.0387275,0.67783,-0.1100845,0.8829465000000001,0.50964,-0.1194544999999999,0.8088165,0.7558400000000001,-0.2437145,1.1806165,0.50204,-0.0914345,1.2627465,0.7348600000000001,-0.2302745,0.8448465000000001,1.04308,-0.3087645,1.2399164999999999,0.94465,-0.3227345,0.9356845,0.00247,-0.0035005,1.0643155,-0.00247,0.0035005,0.8803965000000001,-0.30438,-0.1789045,1.1610464999999999,-0.3024,-0.1616545,0.8330765,-0.76042,-0.0159235,1.1796265,-0.74236,-0.0313255
78,1.0378725,0.676285,-0.117452,0.8835085,0.509925,-0.126062,0.8095085,0.7541450000000001,-0.252252,1.1801485,0.501395,-0.098592,1.2631185,0.7335050000000001,-0.238172,0.8459385,1.039655,-0.320552,1.2401385,0.942615,-0.3325519999999999,0.9347535,0.0026849999999999,-0.003518,1.0652465,-0.0026849999999999,0.0035179999999999,0.8807185000000001,-0.289435,-0.190772,1.1644785,-0.286765,-0.174192,0.8338885,-0.7412650000000001,-0.02024,1.1805085,-0.7229350000000001,-0.034265
79,1.036678,0.675,-0.1246989999999999,0.883298,0.50956,-0.132739,0.809748,0.7510300000000001,-0.260209,1.179028,0.5001800000000001,-0.106349,1.2630679999999999,0.7315100000000001,-0.246519,0.845368,1.0284,-0.331199,1.239998,0.94053,-0.342689,0.934059,0.00276,-0.00348,1.065941,-0.00276,0.0034799999999999,0.880668,-0.27352,-0.2029889999999999,1.167578,-0.2702,-0.187139,0.833878,-0.7210700000000001,-0.024691,1.181068,-0.70248,-0.037987
80,1.03581,0.67547,-0.132397,0.8833219999999999,0.50963,-0.138847,0.810302,0.74361,-0.266887,1.178242,0.4979,-0.113737,1.263272,0.72872,-0.254307,0.845082,1.01888,-0.340777,1.239642,0.93781,-0.353087,0.9333089999999999,0.00297,-0.00338,1.066691,-0.00297,0.00338,0.8806720000000001,-0.25702,-0.214367,1.170842,-0.25366,-0.1992469999999999,0.8340820000000001,-0.70091,-0.0286069999999999,1.182032,-0.68181,-0.04149
81,1.0348445,0.67622,-0.140473,0.8832945000000001,0.50996,-0.144943,0.8109445,0.73763,-0.273673,1.1773445,0.49604,-0.121223,1.2639445,0.7221899999999999,-0.262993,0.8445745,1.01088,-0.350653,1.2389845,0.9351,-0.364523,0.9330935,0.00311,-0.0032829999999999,1.0669065,-0.00311,0.003283,0.8805145,-0.24039,-0.225973,1.1741145,-0.2372699999999999,-0.211793,0.8338445,-0.68005,-0.0334519999999999,1.1829145,-0.66086,-0.045193
82,1.0332265,0.67641,-0.149808,0.8828995,0.50995,-0.152108,0.8111395,0.73572,-0.2819379999999999,1.1760295,0.49561,-0.129688,1.2643295,0.72271,-0.272918,0.8434495,1.00712,-0.362888,1.2374895,0.93748,-0.378438,0.9332345,0.00322,-0.003276,1.0667655,-0.00322,0.003276,0.8796795,-0.2239199999999999,-0.239018,1.1768995,-0.2211,-0.225408,0.8331095,-0.65893,-0.0399299999999999,1.1835295,-0.64094,-0.0508099999999999
83,1.031627,0.677465,-0.15964,0.8824790000000001,0.507465,-0.1606,0.811229,0.734875,-0.29135,1.174499,0.492745,-0.13979,1.264809,0.722995,-0.28431,0.842059,1.004955,-0.3762,1.235969,0.942625,-0.39387,0.9333899999999999,0.0034549999999999,-0.003326,1.06661,-0.0034549999999999,0.003326,0.8786790000000001,-0.205355,-0.25219,1.179809,-0.202975,-0.23954,0.832349,-0.636555,-0.046922,1.183669,-0.619725,-0.056933
84,1.0301735,0.6795500000000001,-0.1697045,0.8819764999999999,0.5081800000000001,-0.1686745,0.8108465,0.73322,-0.3016744999999999,1.1732065,0.49249,-0.1489645,1.2651965,0.72336,-0.2966344999999999,0.8403665,1.00271,-0.3902945,1.2344065,0.94764,-0.4107845,0.9334675,0.00355,-0.0032054999999999,1.0665325,-0.0035499999999999,0.0032055,0.8774865000000001,-0.1860599999999999,-0.2667044999999999,1.1825765,-0.1839799999999999,-0.2537645,0.8308965,-0.61365,-0.0536895,1.1843865,-0.59743,-0.0626915
85,1.0286135,0.68254,-0.178732,0.8812885,0.5066,-0.175482,0.8103685,0.73304,-0.310492,1.1718385,0.49194,-0.156492,1.2646085,0.72543,-0.307482,0.8384985,1.00194,-0.4030519999999999,1.2319385,0.95047,-0.4263119999999999,0.9336675,0.0033299999999999,-0.002776,1.0663325,-0.0033299999999999,0.0027759999999999,0.8762285000000001,-0.1651499999999999,-0.278022,1.1851685,-0.1619499999999999,-0.266182,0.8295085,-0.59012,-0.059024,1.1851285,-0.5729500000000001,-0.0668639999999999
86,1.027849,0.68303,-0.1874455,0.880671,0.50539,-0.1807455,0.809751,0.7281599999999999,-0.3190154999999999,1.170511,0.4904999999999999,-0.1625255,1.264241,0.7217899999999999,-0.3176655,0.836581,0.99677,-0.4133455,1.229711,0.94901,-0.4403855,0.933866,0.0030799999999999,-0.0025165,1.066134,-0.00308,0.0025164999999999,0.874931,-0.14977,-0.2869854999999999,1.187001,-0.14533,-0.2742155,0.827921,-0.57204,-0.0632075,1.185341,-0.55537,-0.0697235
87,1.0267374999999999,0.6833100000000001,-0.1965535,0.8797255000000002,0.50328,-0.1865235,0.8085955000000001,0.7236100000000001,-0.3281635,1.1686455,0.4891,-0.1692135,1.2640955,0.7178800000000001,-0.3279134999999999,0.8330755,0.98797,-0.4233635,1.2278355,0.94806,-0.4561334999999999,0.9342925,0.00279,-0.0022895,1.0657075,-0.00279,0.0022895,0.8733755,-0.13283,-0.2974834999999999,1.1888155,-0.12649,-0.2822834999999999,0.8259455,-0.5530599999999999,-0.0670515,1.1849855,-0.5363899999999999,-0.0726895
88,1.026138,0.683045,-0.20593,0.879336,0.501345,-0.1923399999999999,0.807636,0.7187749999999999,-0.33757,1.167796,0.487475,-0.17564,1.264456,0.711325,-0.33831,0.831066,0.987545,-0.43413,1.227056,0.945345,-0.47131,0.93452,0.0026749999999999,-0.002136,1.06548,-0.0026749999999999,0.0021359999999999,0.872486,-0.114335,-0.30758,1.191106,-0.108155,-0.28969,0.824746,-0.533725,-0.071569,1.185086,-0.517055,-0.074641
89,1.0247125,0.681115,-0.2131835,0.8785675,0.499285,-0.1967835,0.8051475,0.7166250000000001,-0.3461235,1.1661575,0.487195,-0.1806434999999999,1.2639675000000001,0.706925,-0.3474135,0.8282375,0.986725,-0.4443535,1.2265675,0.942465,-0.4842035,0.9353385,0.002335,-0.0018725,1.0646615,-0.0023349999999999,0.0018724999999999,0.8709275,-0.0990749999999999,-0.3159234999999999,1.1925375,-0.092995,-0.2952135,0.8226875,-0.514495,-0.0745205,1.1842975,-0.4969049999999999,-0.0757305
90,1.023584,0.6780700000000001,-0.220511,0.878081,0.4964,-0.201251,0.802561,0.71311,-0.3554509999999999,1.164921,0.486113,-0.185941,1.263671,0.70372,-0.3570009999999999,0.8256410000000001,0.9839,-0.455101,1.226391,0.93809,-0.4971509999999999,0.935985,0.00218,-0.001563,1.064015,-0.0021799999999999,0.001563,0.8697710000000001,-0.0839299999999999,-0.3236309999999999,1.194021,-0.0778999999999999,-0.299971,0.8210310000000001,-0.4943499999999999,-0.076752,1.183651,-0.4771099999999999,-0.076058
91,1.022619,0.6756800000000001,-0.228092,0.877553,0.493126,-0.206282,0.799633,0.7092,-0.365802,1.163863,0.483772,-0.191802,1.264053,0.70143,-0.367292,0.823413,0.98114,-0.466042,1.226193,0.93359,-0.510342,0.936674,0.00218,-0.0012829999999999,1.063326,-0.0021799999999999,0.001283,0.868343,-0.0687999999999999,-0.332042,1.195323,-0.0620899999999999,-0.304652,0.819503,-0.47526,-0.0802099999999999,1.182683,-0.4577599999999999,-0.076911
92,1.0219645,0.672235,-0.2359505,0.8767875,0.4913849999999999,-0.2116105,0.7969175,0.704385,-0.3766605,1.1633475,0.483166,-0.1968505,1.2650075,0.697935,-0.3781305,0.8213175,0.977215,-0.4766805,1.2262575,0.926455,-0.5236805,0.9372595,0.0020149999999999,-0.0012315,1.0627405,-0.0020149999999999,0.0012315,0.8671675,-0.053875,-0.3403605,1.1966375,-0.046345,-0.3091705,0.8182575,-0.456555,-0.0842835,1.1813675,-0.440975,-0.0781875
93,1.021907,0.66708,-0.244006,0.876566,0.487143,-0.217266,0.794756,0.69963,-0.387736,1.163406,0.480184,-0.202046,1.266376,0.6927800000000001,-0.388566,0.819586,0.97261,-0.487656,1.2274759999999998,0.91869,-0.5366259999999999,0.93785,0.00201,-0.0012759999999999,1.06215,-0.0020099999999999,0.001276,0.866376,-0.0394599999999999,-0.348126,1.198366,-0.0311499999999999,-0.313806,0.8179460000000001,-0.43867,-0.0891349999999999,1.179856,-0.42496,-0.08112
94,1.021979,0.660505,-0.250218,0.876501,0.4845069999999999,-0.221218,0.792891,0.691865,-0.3973179999999999,1.163521,0.4774469999999999,-0.205818,1.268181,0.685425,-0.397578,0.8176210000000002,0.964155,-0.4996879999999999,1.230091,0.910105,-0.547868,0.938319,0.002085,-0.001489,1.061681,-0.002085,0.001489,0.865071,-0.028815,-0.354278,1.200191,-0.018735,-0.316588,0.817761,-0.424015,-0.092849,1.178171,-0.411505,-0.081464
95,1.0220084999999999,0.65542,-0.2555215,0.8760455,0.4815959999999999,-0.2247414999999999,0.7911655,0.68607,-0.4056115,1.1635855,0.474483,-0.2089514999999999,1.2701855,0.67791,-0.4050015,0.8146455,0.95279,-0.5104915,1.2330755,0.90235,-0.5587715000000001,0.9386465,0.0022699999999999,-0.0016085,1.0613535,-0.0022699999999999,0.0016084999999999,0.8632955,-0.0164499999999999,-0.3591115,1.2020455,-0.00483,-0.3184715,0.8177255,-0.40774,-0.0943605,1.1764255,-0.39668,-0.0811715
96,1.022169,0.6505500000000001,-0.259826,0.8754930000000001,0.479263,-0.227506,0.7895630000000001,0.68074,-0.413106,1.163573,0.471908,-0.211216,1.272483,0.66995,-0.411036,0.813303,0.94855,-0.519946,1.236103,0.8946100000000001,-0.5671360000000001,0.938881,0.00247,-0.0018029999999999,1.061119,-0.0024699999999999,0.0018029999999999,0.860823,-0.0045999999999999,-0.362536,1.203403,0.00811,-0.320126,0.817553,-0.39196,-0.095534,1.174483,-0.3825299999999999,-0.082535
97,1.022695,0.64683,-0.263032,0.875261,0.477251,-0.229482,0.788531,0.6773499999999999,-0.419242,1.163951,0.4702359999999999,-0.212412,1.275091,0.6658,-0.415922,0.812371,0.94452,-0.528842,1.2394109999999998,0.8891,-0.575382,0.938792,0.0024699999999999,-0.0020339999999999,1.061208,-0.00247,0.002034,0.858591,0.0070299999999999,-0.365062,1.204701,0.0207699999999999,-0.321052,0.817901,-0.3764,-0.09612,1.173041,-0.3698100000000001,-0.084212
98,1.0230929999999998,0.64398,-0.265529,0.875184,0.475723,-0.230939,0.787644,0.67572,-0.424689,1.164284,0.468736,-0.213279,1.2775539999999999,0.66047,-0.420129,0.811374,0.93979,-0.536999,1.242964,0.88366,-0.582979,0.9386850000000001,0.00263,-0.002226,1.061315,-0.00263,0.0022259999999999,0.856294,0.01688,-0.367379,1.2058740000000001,0.0321099999999999,-0.322199,0.818284,-0.3625,-0.096829,1.173784,-0.3572499999999999,-0.0848059999999999
99,1.0237325,0.6418839999999999,-0.2674725,0.8752975000000001,0.4744779999999999,-0.2321325,0.7872175,0.6732899999999999,-0.4290825,1.1650475,0.4677709999999999,-0.2141625,1.2797475,0.65798,-0.4232324999999999,0.8104575,0.93615,-0.5444125,1.2464275,0.87917,-0.5892824999999999,0.9385125,0.00261,-0.0023024999999999,1.0614875,-0.00261,0.0023024999999999,0.8542775,0.0258499999999999,-0.3693825,1.2072175,0.0423399999999999,-0.3234824999999999,0.8187675,-0.3487800000000001,-0.0977305,1.1747675,-0.34447,-0.0864095
100,1.0241365,0.640207,-0.268809,0.8753495,0.4736249999999999,-0.232929,0.7870195,0.67133,-0.431569,1.1655294999999999,0.4666669999999999,-0.214949,1.2815095,0.6551469999999999,-0.425749,0.8091695,0.93269,-0.551029,1.2493795,0.87473,-0.5940690000000001,0.9384225,0.0024999999999999,-0.0022889999999999,1.0615775,-0.0025,0.0022889999999999,0.8523695,0.0341199999999999,-0.370259,1.2083295,0.05125,-0.324999,0.8189595000000001,-0.33591,-0.097565,1.1754795,-0.33432,-0.087073
101,1.0240825,0.6395029999999999,-0.269545,0.8752795000000001,0.4728,-0.233575,0.7865195,0.6696059999999999,-0.432815,1.1658095,0.4654,-0.215585,1.2825195,0.653297,-0.427105,0.8073295,0.92936,-0.557125,1.2513195,0.8725499999999999,-0.597845,0.9382775,0.0023599999999999,-0.0023,1.0617225,-0.00236,0.0023,0.8502095000000001,0.0411699999999999,-0.370975,1.2093595,0.05886,-0.326585,0.8187595,-0.3254600000000001,-0.09723,1.1759995,-0.32488,-0.087949
102,1.0239215,0.639432,-0.269943,0.8753145,0.4726,-0.233963,0.7859145000000001,0.66774,-0.433233,1.1658645,0.4651,-0.215463,1.2830845,0.651487,-0.427943,0.8052045000000001,0.92578,-0.562243,1.2529145,0.8697600000000001,-0.600973,0.9381635000000002,0.0022199999999999,-0.0021729999999999,1.0618364999999998,-0.0022199999999999,0.002173,0.8479445000000001,0.0462,-0.371453,1.2102145,0.06502,-0.327973,0.8168845,-0.3170299999999999,-0.097696,1.1777644999999999,-0.3166899999999999,-0.0877729999999999
103,1.0235925,0.6397919999999999,-0.2703825,0.8745155,0.4720399999999999,-0.2343225,0.7851655,0.667222,-0.4336825,1.1654855,0.46429,-0.2152125,1.2833255000000001,0.64972,-0.4283625,0.8029655,0.92433,-0.5641325,1.2536855,0.87037,-0.6038325,0.9380725,0.0022999999999999,-0.0020305,1.0619275,-0.0023,0.0020305,0.8455155,0.0514199999999999,-0.3718225,1.2109655,0.0710599999999999,-0.3296025,0.8151455,-0.30981,-0.0984154999999999,1.1797355,-0.30872,-0.0879824999999999
104,1.0231215,0.6403300000000001,-0.270604,0.8740115000000002,0.472685,-0.234014,0.7842915,0.6666420000000001,-0.434134,1.1648915,0.464565,-0.215014,1.2833415000000001,0.649324,-0.4288039999999999,0.8016715,0.927665,-0.565474,1.2542515,0.8693850000000001,-0.6064740000000001,0.9380625,0.002205,-0.001778,1.0619375,-0.002205,0.0017779999999999,0.8427815000000001,0.054565,-0.3712839999999999,1.2116514999999999,0.075345,-0.331414,0.8151715000000002,-0.304945,-0.099104,1.1804315,-0.305195,-0.088576
105,1.0225785,0.641104,-0.2709209999999999,0.8733235,0.47365,-0.233361,0.7832535,0.666381,-0.434261,1.1640035,0.46449,-0.214781,1.2832535,0.6498820000000001,-0.429141,0.8000835,0.93014,-0.5663009999999999,1.2545635,0.86895,-0.608621,0.9379495,0.00217,-0.0014479999999999,1.0620505,-0.00217,0.001448,0.8404035,0.05724,-0.370251,1.2117435,0.07893,-0.333501,0.8146035,-0.3039499999999999,-0.102033,1.1826035,-0.3040899999999999,-0.093615
106,1.0220285,0.64169,-0.2707055,0.8725875,0.474515,-0.2325155,0.7822175,0.665824,-0.4335555,1.1632275,0.464365,-0.2144655,1.2830475,0.6498970000000001,-0.4290755,0.7984275000000001,0.931815,-0.5666555000000001,1.2546275,0.8682650000000001,-0.6101055000000001,0.9378015,0.002275,-0.0011645,1.0621985,-0.002275,0.0011644999999999,0.8383875000000001,0.0589349999999999,-0.3692155,1.2116275,0.0815449999999999,-0.3356254999999999,0.8125275000000001,-0.2996449999999999,-0.1002445,1.1845475,-0.3005949999999999,-0.0942235
107,1.0215785,0.641749,-0.270456,0.8718365000000001,0.47485,-0.231356,0.7811965000000001,0.665494,-0.432216,1.1624465,0.46395,-0.214086,1.2828565,0.650101,-0.428896,0.7967465000000001,0.9333,-0.566876,1.2544765,0.86821,-0.610906,0.9376105,0.00229,-0.000809,1.0623895,-0.00229,0.000809,0.8365565,0.06028,-0.367976,1.2111765,0.08368,-0.337926,0.8105765,-0.29591,-0.097799,1.1846165,-0.30128,-0.0992379999999999
108,1.0210199999999998,0.642221,-0.269942,0.8710510000000001,0.475775,-0.230372,0.780161,0.6659050000000001,-0.430492,1.161611,0.4636050000000001,-0.213832,1.282111,0.650306,-0.428832,0.795131,0.934165,-0.5670620000000001,1.254221,0.8682850000000001,-0.611162,0.9374709999999999,0.002465,-0.000594,1.062529,-0.0024649999999999,0.000594,0.834651,0.060985,-0.366742,1.210401,0.084965,-0.340412,0.809911,-0.2971449999999999,-0.100046,1.187631,-0.2961649999999999,-0.0964609999999999
109,1.0205205,0.642726,-0.2693979999999999,0.8703455,0.4766199999999999,-0.229398,0.7792255,0.666779,-0.428798,1.1609255,0.46351,-0.213628,1.2813855,0.650447,-0.428798,0.7938155,0.93506,-0.567008,1.2539655,0.8691,-0.611308,0.9373115,0.0026399999999999,-0.0003559999999999,1.0626885,-0.0026399999999999,0.000356,0.8326655000000001,0.0613199999999999,-0.365588,1.2097455,0.0858799999999999,-0.342588,0.8095555,-0.29564,-0.097219,1.1907555,-0.29477,-0.09648
110,1.0200954999999998,0.6431539999999999,-0.268833,0.8696524999999999,0.4774249999999999,-0.228543,0.7784525,0.667604,-0.427163,1.1603225,0.4635049999999999,-0.213543,1.2806525,0.6506219999999999,-0.428863,0.7927325000000001,0.935885,-0.5663729999999999,1.2536725,0.869925,-0.611513,0.9371705,0.0028449999999999,-0.0001749999999999,1.0628295,-0.002845,0.000175,0.8304925,0.0612449999999998,-0.364373,1.2095325,0.0864949999999999,-0.344473,0.8089325,-0.2982150000000001,-0.1017019999999999,1.1940525,-0.2935850000000001,-0.097057
111,1.0197065,0.6436160000000001,-0.2681205,0.8689315,0.4780000000000001,-0.2275505,0.7777815000000001,0.6682390000000001,-0.4253905,1.1598614999999999,0.4638900000000001,-0.2134905,1.2800515,0.6511870000000001,-0.4289005,0.7918115,0.93652,-0.5650904999999999,1.2532014999999999,0.8705600000000001,-0.6116005,0.9370615,0.00299,6.149999999999906e-05,1.0629385,-0.0029899999999999,-6.150000000000252e-05,0.8285615,0.06122,-0.3633205,1.2097015,0.08742,-0.3460405,0.8086615,-0.3011399999999998,-0.1064015,1.1956715,-0.2890699999999999,-0.0935375
112,1.0193824999999999,0.6441229999999999,-0.26726,0.8683035,0.4785249999999999,-0.22644,0.7772535,0.668824,-0.42345,1.1595335,0.4643449999999999,-0.21336,1.2794735,0.6517719999999999,-0.42881,0.7910035,0.937105,-0.56312,1.2525835,0.871145,-0.61132,0.9369725,0.0031049999999999,0.0002349999999999,1.0630275,-0.003105,-0.000235,0.8273635,0.0613049999999999,-0.36246,1.2103835,0.0880049999999998,-0.34682,0.8081435000000001,-0.304205,-0.111,1.1973235,-0.2837750000000001,-0.0900239999999999
113,1.019018,0.644423,-0.266252,0.8676400000000001,0.47875,-0.225262,0.7768000000000002,0.669417,-0.4213619999999999,1.15926,0.46466,-0.213112,1.27887,0.652157,-0.4285219999999999,0.7903100000000001,0.93768,-0.5608420000000001,1.2522,0.87182,-0.610352,0.936911,0.00319,0.00033,1.063089,-0.00319,-0.00033,0.82664,0.06169,-0.362392,1.21113,0.0882699999999999,-0.347722,0.80828,-0.31196,-0.121575,1.198,-0.28235,-0.090263
114,1.018712,0.6447579999999999,-0.2652744999999999,0.867151,0.47917,-0.2242845,0.776451,0.669837,-0.4193245,1.159031,0.46494,-0.2128645,1.278361,0.652291,-0.4281045,0.789721,0.9381,-0.5583545,1.251971,0.87193,-0.6088944999999999,0.936905,0.00329,0.0004354999999999,1.063095,-0.00329,-0.0004354999999999,0.826161,0.06176,-0.3623045,1.211871,0.0886899999999999,-0.3485645,0.810181,-0.32022,-0.1328045,1.196661,-0.28413,-0.0891135
115,1.018319,0.6451,-0.264326,0.866604,0.479595,-0.223356,0.776064,0.670256,-0.4173159999999999,1.158714,0.465195,-0.212576,1.277784,0.652549,-0.4274659999999999,0.789134,0.938845,-0.555686,1.251584,0.872205,-0.606786,0.9368920000000001,0.0033549999999999,0.0005649999999999,1.063108,-0.0033549999999999,-0.0005649999999999,0.8255939999999999,0.0617849999999999,-0.3621959999999999,1.2124139999999999,0.0891049999999999,-0.349226,0.810694,-0.324825,-0.137386,1.194494,-0.2873949999999999,-0.093474
116,1.017994,0.6456310000000001,-0.2630875,0.8660490000000001,0.4802850000000001,-0.2222975,0.7757689999999999,0.670946,-0.4153075,1.158479,0.465655,-0.2120375,1.277259,0.653221,-0.4261475,0.788619,0.939845,-0.5527574999999999,1.251229,0.8728450000000001,-0.6032675,0.936938,0.003395,0.0006695,1.063062,-0.0033949999999999,-0.0006695,0.825219,0.0621950000000001,-0.3626275,1.212499,0.089505,-0.3496575,0.812539,-0.3318149999999999,-0.1496675,1.193709,-0.2882849999999999,-0.0926025
117,1.0175939999999999,0.6464179999999999,-0.2615765,0.8654459999999999,0.4809749999999999,-0.2210665,0.775396,0.6728879999999999,-0.4133464999999999,1.158186,0.4662849999999999,-0.2112264999999999,1.2766359999999999,0.655107,-0.4240665,0.788056,0.942125,-0.5499265,1.251136,0.874805,-0.5982765,0.9369959999999999,0.0033949999999999,0.0007025,1.063004,-0.003395,-0.0007024999999999,0.825076,0.063635,-0.3628765,1.212216,0.0901049999999999,-0.3495064999999999,0.813176,-0.331705,-0.1500765,1.192676,-0.287725,-0.0920695
118,1.0172135,0.647262,-0.2600525,0.8648775000000001,0.4816749999999999,-0.2198825,0.7750775,0.674825,-0.4115825,1.1578875,0.4669649999999999,-0.2103425,1.2760275,0.657038,-0.4217325,0.7875075,0.944395,-0.5474424999999999,1.2510175000000001,0.877105,-0.5930124999999999,0.9370605,0.0033849999999999,0.0006945,1.0629395,-0.0033849999999999,-0.0006945,0.8249875,0.064975,-0.3630525,1.2120274999999998,0.090855,-0.3493124999999999,0.8145775,-0.335505,-0.1569725,1.1914274999999999,-0.289705,-0.0968845
119,1.0168234999999999,0.6480950000000001,-0.258529,0.8642825000000001,0.48226,-0.218719,0.7748025000000001,0.676903,-0.410159,1.1575825,0.4676,-0.209419,1.2754025,0.658995,-0.419309,0.7869025000000001,0.94675,-0.545369,1.2508725,0.87957,-0.587869,0.9371225,0.00335,0.0006619999999999,1.0628775,-0.0033499999999999,-0.0006619999999999,0.8248225000000001,0.06605,-0.363219,1.2121025,0.09162,-0.348749,0.8142925,-0.3347399999999999,-0.156359,1.1917825,-0.2853199999999999,-0.091477
120,1.0164195,0.6488280000000001,-0.2569725,0.8636935,0.48272,-0.2176225,0.7745835,0.678944,-0.4089425,1.1572635,0.46826,-0.2084625,1.2747834999999998,0.6609430000000001,-0.4168325,0.7862335,0.94908,-0.5435325000000001,1.2506534999999999,0.88219,-0.5830225,0.9371905,0.0032699999999999,0.0006315,1.0628095,-0.0032699999999999,-0.0006315,0.8244135000000001,0.0673099999999999,-0.3635025,1.2125835,0.09243,-0.3479825,0.8152735,-0.3386699999999999,-0.1646925,1.1921735,-0.28074,-0.0865885
121,1.01599,0.649483,-0.255483,0.863082,0.48306,-0.216583,0.774342,0.6809280000000001,-0.4079529999999999,1.156932,0.46887,-0.207503,1.274152,0.6627980000000001,-0.414253,0.785512,0.9512500000000002,-0.541983,1.250392,0.8847700000000001,-0.578383,0.9372580000000001,0.00316,0.000594,1.0627419999999999,-0.0031599999999999,-0.000594,0.8238920000000001,0.0683,-0.363933,1.213032,0.09328,-0.3474629999999999,0.815002,-0.3388699999999999,-0.165053,1.193192,-0.2789299999999999,-0.0870929999999999
122,1.0155615,0.6501779999999999,-0.2540645,0.8625005,0.4833099999999999,-0.2155745,0.7740605,0.6828329999999999,-0.4071444999999999,1.1566105,0.4695299999999999,-0.2065845,1.2735805,0.6647159999999999,-0.4117345,0.7847505,0.95328,-0.5407945000000001,1.2501305,0.88733,-0.5741245,0.9372985,0.0030399999999999,0.0005574999999999,1.0627015,-0.00304,-0.0005574999999999,0.8236405,0.0692099999999998,-0.3644445,1.2129705,0.0939199999999998,-0.3469244999999999,0.8147105,-0.33703,-0.1644045,1.1939505,-0.27541,-0.0864055
123,1.015121,0.65082,-0.2526565,0.861926,0.48351,-0.2145665,0.773776,0.6845,-0.4064265,1.156286,0.47017,-0.2056265,1.272966,0.666563,-0.4092465,0.783936,0.95513,-0.5399664999999999,1.249866,0.8896999999999999,-0.5702564999999999,0.93732,0.0029099999999999,0.0004904999999999,1.06268,-0.0029099999999999,-0.0004905,0.823406,0.0703,-0.3649765,1.212696,0.0945199999999999,-0.3462965,0.813886,-0.33524,-0.1637265,1.193546,-0.27339,-0.0874225
124,1.0146435,0.65142,-0.251301,0.8613835000000001,0.4836049999999999,-0.213601,0.7735035,0.685989,-0.405691,1.1559635,0.4707949999999999,-0.204681,1.2723235,0.668322,-0.406951,0.7830334999999999,0.956855,-0.539261,1.2496135,0.891915,-0.567001,0.9373315,0.002785,0.0004079999999999,1.0626685,-0.002785,-0.000408,0.8231735,0.071415,-0.365361,1.2124234999999999,0.0952349999999999,-0.345651,0.8123335,-0.333495,-0.163041,1.1920935,-0.272785,-0.087699
125,1.014138,0.651951,-0.250231,0.8610059999999999,0.48364,-0.212841,0.773266,0.687148,-0.405041,1.1556359999999999,0.47125,-0.203931,1.2716859999999999,0.669803,-0.405361,0.7820460000000001,0.95824,-0.538641,1.249326,0.89364,-0.5651510000000001,0.937318,0.0026899999999999,0.0003669999999999,1.062682,-0.0026899999999999,-0.0003669999999999,0.823096,0.07232,-0.364991,1.212196,0.09579,-0.345241,0.8115160000000001,-0.3295,-0.157181,1.1906459999999999,-0.2737199999999999,-0.088304
126,1.0136995,0.652263,-0.2494819999999999,0.8607235,0.48362,-0.212342,0.7731135,0.6872280000000001,-0.404622,1.1553735,0.4715,-0.203462,1.2711635000000001,0.670189,-0.404642,0.7812135,0.95838,-0.538242,1.2491835,0.894,-0.564732,0.9373005,0.00263,0.0003489999999999,1.0626995,-0.00263,-0.000349,0.8232435,0.0723099999999999,-0.364752,1.2116935,0.09587,-0.345242,0.8108335,-0.3248099999999999,-0.150442,1.1905535,-0.2732599999999999,-0.0892429999999999
127,1.0132515,0.6525869999999999,-0.2487945,0.8604095,0.4834799999999999,-0.2118545,0.7729195,0.687325,-0.4043945,1.1551095,0.4716099999999999,-0.2030644999999999,1.2706295,0.6705239999999999,-0.4042445,0.7803895000000001,0.95844,-0.5381045,1.2490395,0.8941999999999999,-0.5643245,0.9372765,0.0025499999999999,0.0003284999999999,1.0627235,-0.00255,-0.0003284999999999,0.8234895,0.0724199999999999,-0.3644445,1.2109295,0.0958599999999999,-0.3452545,0.8105095,-0.3199400000000001,-0.1438344999999999,1.1898795,-0.27338,-0.0887655
128,1.012788,0.65291,-0.2480445,0.8601,0.48324,-0.2112845,0.77268,0.687478,-0.4042745,1.15483,0.47164,-0.2025545,1.27007,0.670897,-0.4037645,0.77965,0.9585,-0.5382545,1.24857,0.89442,-0.5638445,0.937236,0.00246,0.0003165,1.062764,-0.00246,-0.0003165,0.82378,0.0727499999999999,-0.3639245,1.21003,0.0956599999999999,-0.3449845,0.80971,-0.31469,-0.1359545,1.1903,-0.27296,-0.0886545
129,1.0123385,0.6532349999999999,-0.2473805,0.8598125,0.4829899999999999,-0.2107004999999999,0.7724625,0.687978,-0.4039705,1.1545625,0.47156,-0.2019905,1.2694725,0.6713969999999999,-0.4032604999999999,0.7790025,0.959,-0.5383305,1.2475125,0.8954599999999999,-0.5635805,0.9371985,0.0023799999999999,0.0003014999999999,1.0628015,-0.00238,-0.0003014999999999,0.8240025,0.0728999999999999,-0.3630505,1.2090925,0.0953699999999999,-0.3446805,0.8087925,-0.30634,-0.1222505,1.1909025,-0.27248,-0.0881035
130,1.0118315,0.6532349999999999,-0.246804,0.8594904999999999,0.4829899999999999,-0.2102139999999999,0.7721804999999999,0.688334,-0.403694,1.1542605,0.4715399999999999,-0.201524,1.2687405,0.6715439999999999,-0.402914,0.7783605,0.95926,-0.5385040000000001,1.2463605,0.89616,-0.563984,0.9371315,0.0023799999999999,0.0003119999999999,1.0628685,-0.00238,-0.0003119999999999,0.8240505,0.0727899999999999,-0.362234,1.2080905,0.0950899999999999,-0.344234,0.8090105,-0.30301,-0.116547,1.1915305,-0.2708100000000001,-0.0854149999999999
131,1.0113249999999998,0.6532349999999999,-0.2461865,0.859166,0.4829899999999999,-0.2096865,0.771916,0.6886979999999999,-0.4032664999999999,1.1540359999999998,0.4715399999999999,-0.2010965,1.267966,0.671669,-0.4026364999999999,0.777756,0.95949,-0.5385365,1.245176,0.89667,-0.5645965000000001,0.937053,0.0023799999999999,0.0003294999999999,1.062947,-0.00238,-0.0003294999999999,0.824116,0.0728699999999999,-0.3616065,1.2070759999999998,0.0949999999999999,-0.3437665,0.8074060000000001,-0.2948200000000001,-0.1030455,1.191346,-0.26924,-0.0849945
132,1.010813,0.6532349999999999,-0.245608,0.858875,0.4829899999999999,-0.209168,0.771645,0.6888569999999999,-0.402888,1.153795,0.4715399999999999,-0.2007479999999999,1.267145,0.6717359999999999,-0.402518,0.777185,0.95949,-0.538508,1.244025,0.89713,-0.565388,0.936961,0.0023799999999999,0.0003459999999999,1.063039,-0.00238,-0.000346,0.824145,0.07304,-0.360928,1.2060749999999998,0.0949999999999999,-0.343558,0.806585,-0.29102,-0.095982,1.191305,-0.26804,-0.084613
133,1.010315,0.6534249999999999,-0.2449105,0.85855,0.48283,-0.2084605,0.77138,0.688997,-0.4025105,1.15354,0.4713699999999999,-0.2004105,1.26636,0.672106,-0.4025105,0.77668,0.95939,-0.5382804999999999,1.24298,0.89696,-0.5660405,0.9368920000000001,0.0022999999999999,0.0004004999999999,1.063108,-0.0023,-0.0004005,0.82414,0.0729799999999999,-0.3591505,1.20514,0.0948299999999999,-0.3433704999999999,0.80522,-0.28615,-0.0893015,1.1919799999999998,-0.26697,-0.0829955
134,1.0098725,0.6536320000000001,-0.2441895,0.8582565,0.4827450000000001,-0.2077795,0.7711865,0.688918,-0.4020495,1.1533265,0.471465,-0.2001195,1.2656465,0.6725500000000001,-0.4026895,0.7762065,0.959135,-0.5379594999999999,1.2420965,0.8967750000000001,-0.5665095,0.9368405,0.002275,0.0004004999999999,1.0631595,-0.0022749999999999,-0.0004005,0.8242165000000001,0.073085,-0.3581995,1.2043265,0.094795,-0.3434295,0.8043665,-0.2825549999999999,-0.0831425,1.1926465,-0.2659249999999999,-0.0832265
135,1.009498,0.6537139999999999,-0.243415,0.858012,0.4825599999999999,-0.207055,0.771072,0.688657,-0.401465,1.153232,0.4715299999999999,-0.199855,1.264972,0.6728789999999999,-0.402865,0.775782,0.95866,-0.537655,1.241262,0.8966799999999999,-0.566785,0.936795,0.0022099999999999,0.000394,1.063205,-0.00221,-0.000394,0.824282,0.0727599999999999,-0.356725,1.203602,0.0948699999999999,-0.343665,0.803592,-0.2791300000000001,-0.077426,1.193372,-0.26502,-0.083568
136,1.0091745,0.6537820000000001,-0.242531,0.8577995,0.482435,-0.206311,0.7709395,0.6883760000000001,-0.400801,1.1531095,0.471655,-0.199621,1.2642795,0.6732060000000001,-0.402871,0.7754894999999999,0.958095,-0.537351,1.2404795,0.896665,-0.566721,0.9367395000000001,0.0021349999999999,0.0004119999999999,1.0632605,-0.0021349999999999,-0.000412,0.8243795,0.072405,-0.355161,1.2029995,0.094805,-0.344271,0.8035495,-0.2759349999999999,-0.072319,1.1938595,-0.2649149999999999,-0.0829189999999999
137,1.0089255,0.653788,-0.2416325,0.8576355,0.48232,-0.2055925,0.7707955000000001,0.688183,-0.4000325,1.1529855,0.47214,-0.1993425,1.2636355,0.673427,-0.4026125,0.7753455000000001,0.95768,-0.5369824999999999,1.2397955,0.8965000000000001,-0.5664625,0.9366835,0.00206,0.0004305,1.0633165,-0.0020599999999999,-0.0004305,0.8244855,0.07232,-0.3537025,1.2024754999999998,0.0941699999999999,-0.3448125,0.8036555000000001,-0.27534,-0.0724755,1.1942154999999999,-0.2647699999999999,-0.0824874999999999
138,1.0087085,0.653797,-0.2405435,0.8574265,0.48223,-0.2047935,0.7705965,0.688061,-0.3989035,1.1528565,0.47272,-0.1989834999999999,1.2629964999999999,0.673658,-0.4022735,0.7751465,0.95737,-0.5363235,1.2391765,0.89628,-0.5661235,0.9366145,0.00197,0.0005595,1.0633855,-0.00197,-0.0005594999999999,0.8245264999999999,0.07194,-0.3521835,1.2019665,0.0937399999999999,-0.3452735,0.8040965,-0.27837,-0.0746915,1.1946564999999998,-0.26452,-0.0821045
139,1.008412,0.653745,-0.2392045,0.857142,0.48217,-0.2038344999999999,0.770492,0.687913,-0.3971645,1.152692,0.4734,-0.1984044999999999,1.2624019999999998,0.673884,-0.4017845,0.774852,0.95706,-0.5352045000000001,1.238602,0.89609,-0.5656345,0.936559,0.00194,0.0006925,1.063441,-0.0019399999999999,-0.0006924999999999,0.824412,0.07161,-0.3505445,1.201412,0.09303,-0.3453745,0.804152,-0.2786999999999999,-0.0738585,1.195492,-0.2636099999999999,-0.0827125
140,1.0081055,0.653788,-0.2377119999999999,0.8568625000000001,0.482205,-0.202872,0.7705425000000001,0.68855,-0.395272,1.1525625,0.474165,-0.197822,1.2618425,0.6743100000000001,-0.401082,0.7745625,0.957365,-0.5339820000000001,1.2381125,0.896395,-0.564742,0.9365185,0.001885,0.000833,1.0634815,-0.001885,-0.000833,0.8241025000000001,0.071295,-0.349022,1.2011124999999998,0.093095,-0.345802,0.8042425000000001,-0.278915,-0.072546,1.1952225,-0.263775,-0.0822
141,1.0078655,0.6541570000000001,-0.2360755,0.8566465,0.48238,-0.2021155,0.7707965,0.690002,-0.3933155,1.1525064999999999,0.47507,-0.1975155,1.2613364999999999,0.6751720000000001,-0.3999655,0.7745765,0.95856,-0.5324355,1.2377265,0.8973200000000001,-0.5633255,0.9364905,0.00187,0.0009165,1.0635094999999999,-0.0018699999999999,-0.0009164999999999,0.8236565,0.0709400000000001,-0.3481955,1.2008565,0.0934,-0.3464855,0.8041564999999999,-0.2763199999999999,-0.0689155,1.1939265,-0.2653399999999999,-0.0808575
142,1.007795,0.654775,-0.2341965,0.8565039999999999,0.48244,-0.2015165,0.771334,0.6921809999999999,-0.3909165,1.152464,0.47586,-0.1970964999999999,1.260804,0.676511,-0.3981865,0.774844,0.96077,-0.5302665,1.237374,0.8998999999999999,-0.5607065,0.9364669999999999,0.00178,0.0008905,1.063533,-0.00178,-0.0008904999999999,0.823194,0.07103,-0.3477564999999999,1.200634,0.0936899999999999,-0.3471464999999999,0.804104,-0.2767199999999999,-0.0686674999999999,1.193644,-0.26535,-0.0800525
143,1.0078719999999999,0.655234,-0.2319755,0.856332,0.48202,-0.2010355,0.772142,0.69431,-0.3880455,1.152412,0.47714,-0.1967155,1.260302,0.677875,-0.3956754999999999,0.775212,0.96299,-0.5273055,1.2367219999999999,0.90344,-0.5569255000000001,0.936486,0.0015399999999999,0.0007135,1.063514,-0.0015399999999999,-0.0007134999999999,0.822632,0.07032,-0.3475955,1.2002519999999999,0.0932,-0.3479155,0.804002,-0.2779199999999999,-0.0686155,1.192572,-0.26641,-0.0790065
144,1.0080645,0.6555900000000001,-0.229789,0.8560985,0.4811350000000001,-0.200829,0.7733085,0.697185,-0.385059,1.1522285,0.478225,-0.196479,1.2596285,0.6819270000000001,-0.393069,0.7760385,0.966665,-0.522409,1.2359785,0.906775,-0.5521590000000001,0.9365545,0.001195,0.000665,1.0634455,-0.0011949999999999,-0.0006649999999999,0.8221985,0.068775,-0.347769,1.1996885,0.091845,-0.348329,0.8035585000000001,-0.2806549999999999,-0.071892,1.1920085,-0.2685349999999999,-0.07919
145,1.0080889999999998,0.657219,-0.2272694999999999,0.856441,0.4832,-0.1997295,0.774551,0.701879,-0.3816195,1.151851,0.47925,-0.1958495,1.258721,0.685868,-0.3899395,0.7768809999999999,0.97213,-0.5170895,1.234991,0.90902,-0.5459495,0.936642,0.0011999999999999,0.0006685,1.063358,-0.0011999999999999,-0.0006685,0.821721,0.06544,-0.3484595,1.198941,0.0886299999999999,-0.3483495,0.803121,-0.28428,-0.0714895,1.191011,-0.27254,-0.0791395
146,1.0082389999999999,0.659402,-0.224743,0.856737,0.4842050000000001,-0.198603,0.775837,0.705829,-0.378333,1.151407,0.4809550000000001,-0.194823,1.257717,0.6902210000000001,-0.386493,0.777927,0.976935,-0.511783,1.234037,0.914055,-0.539223,0.9368440000000001,0.001045,0.0006759999999999,1.063156,-0.0010449999999999,-0.000676,0.821097,0.0600950000000001,-0.348823,1.198137,0.0835650000000001,-0.348383,0.803327,-0.2922049999999999,-0.073713,1.188987,-0.2785149999999999,-0.080823
147,1.0086704999999998,0.6615110000000001,-0.2222599999999999,0.8574925,0.486935,-0.19743,0.7771925,0.709935,-0.37469,1.1510025,0.481795,-0.1934199999999999,1.2568525,0.694261,-0.38239,0.7792325,0.981875,-0.50605,1.2336325,0.918135,-0.53192,0.9370195,0.001315,0.0006589999999999,1.0629805,-0.0013149999999999,-0.0006589999999999,0.8207225,0.054045,-0.34899,1.1974825,0.076635,-0.34843,0.8035425,-0.301235,-0.077219,1.1875725,-0.285315,-0.082116
148,1.009204,0.663307,-0.21999,0.858283,0.487705,-0.19658,0.778563,0.713145,-0.3714,1.150723,0.483485,-0.19207,1.256783,0.697335,-0.37784,0.7806830000000001,0.985975,-0.50028,1.233363,0.923755,-0.5247299999999999,0.937218,0.0010649999999999,0.000505,1.062782,-0.0010649999999999,-0.000505,0.820673,0.045785,-0.34935,1.196963,0.066765,-0.34847,0.803813,-0.3118949999999999,-0.079714,1.185743,-0.295115,-0.083537
149,1.0097645,0.665551,-0.217993,0.8590285,0.488161,-0.196213,0.7800285,0.7173700000000001,-0.368203,1.1504585,0.485009,-0.191193,1.2560785,0.7014400000000001,-0.373463,0.7822285,0.99121,-0.4946629999999999,1.2332684999999999,0.9285,-0.518293,0.9373945,0.0011499999999999,0.000403,1.0626055,-0.0011499999999999,-0.0004029999999999,0.8210485,0.0367399999999999,-0.349833,1.1963285,0.0563099999999999,-0.348223,0.8038685,-0.32287,-0.082287,1.1834885,-0.3061699999999999,-0.084706
150,1.0101775,0.6674460000000001,-0.2166805,0.8597085,0.489255,-0.1959705,0.7813485,0.7200550000000001,-0.3654005,1.1503685,0.4865480000000001,-0.1900405,1.2559385,0.7054450000000001,-0.3696005,0.7835985,0.995015,-0.4893705,1.2331885,0.930145,-0.5115704999999999,0.9376145000000001,0.001015,0.0001875,1.0623855,-0.0010149999999999,-0.0001875,0.8214585,0.025745,-0.3507905,1.1955985,0.043905,-0.3478805,0.8033085,-0.3364649999999999,-0.0850635,1.1809885,-0.3199649999999999,-0.0859015
151,1.010646,0.66973,-0.2156985,0.8604849999999999,0.489738,-0.1959885,0.7826649999999999,0.72279,-0.3630285,1.150465,0.488491,-0.1890785,1.256145,0.7093200000000001,-0.3661785,0.784895,0.99854,-0.4846785,1.234065,0.92947,-0.5053485,0.937862,0.00087,-5.749999999999853e-05,1.062138,-0.0008699999999999,5.7500000000002e-05,0.822245,0.014,-0.3520285,1.1948649999999998,0.0305,-0.3475685,0.802565,-0.3512699999999999,-0.0871484999999999,1.178875,-0.3348899999999999,-0.0880145
152,1.0108785,0.67299,-0.215206,0.8612664999999999,0.490463,-0.1962559999999999,0.7835965,0.72687,-0.361346,1.1504465,0.488506,-0.188526,1.2565665,0.7138899999999999,-0.363786,0.7860065,1.00204,-0.480796,1.2356265,0.928,-0.500366,0.9380335,0.0010399999999999,-0.0003419999999999,1.0619665,-0.00104,0.0003419999999999,0.8231665,0.0028299999999999,-0.353006,1.1940265,0.0171899999999999,-0.346926,0.8018265,-0.36634,-0.089556,1.1778165,-0.35107,-0.090059
153,1.0110469999999998,0.6757550000000001,-0.214608,0.862106,0.4922560000000001,-0.196028,0.784326,0.7298950000000001,-0.359448,1.150696,0.4912250000000001,-0.186918,1.257196,0.7163750000000001,-0.360538,0.786786,1.0058250000000002,-0.477068,1.237156,0.931595,-0.495298,0.9381990000000001,0.001105,-0.000483,1.061801,-0.0011049999999999,0.0004829999999999,0.8242160000000001,-0.0096349999999999,-0.353558,1.1933259999999999,0.0024250000000001,-0.345728,0.800736,-0.3812449999999999,-0.089233,1.1769059999999998,-0.3690949999999999,-0.091626
154,1.011649,0.67851,-0.213776,0.862656,0.4920319999999999,-0.196166,0.785196,0.7319599999999999,-0.3579759999999999,1.1512660000000001,0.4930959999999999,-0.185636,1.258286,0.71905,-0.3575959999999999,0.7875960000000001,1.00846,-0.4738159999999999,1.238746,0.93886,-0.489546,0.938324,0.0009799999999999,-0.0005919999999999,1.061676,-0.00098,0.000592,0.8255660000000001,-0.02088,-0.353616,1.193016,-0.011,-0.3438659999999999,0.800286,-0.39717,-0.092583,1.176466,-0.3865900000000001,-0.093644
155,1.0122369999999998,0.68069,-0.212413,0.863334,0.493126,-0.196013,0.786254,0.7346,-0.355413,1.151984,0.494558,-0.184063,1.259314,0.72173,-0.353713,0.788184,1.01163,-0.469493,1.2408839999999999,0.94176,-0.484243,0.9383800000000001,0.00085,-0.000663,1.06162,-0.0008499999999999,0.000663,0.827024,-0.03117,-0.352593,1.192694,-0.02466,-0.3414729999999999,0.7998339999999999,-0.4132599999999999,-0.094539,1.176414,-0.40325,-0.095561
156,1.0126635,0.683875,-0.2101775,0.8637065000000002,0.493041,-0.1950275,0.7873565000000001,0.736335,-0.3517675,1.1526965,0.49701,-0.1823374999999999,1.2603465,0.724485,-0.3492274999999999,0.7883665,1.013875,-0.4641475,1.2426365,0.946915,-0.4793575,0.9383825,0.000425,-0.0007184999999999,1.0616175,-0.000425,0.0007185,0.8282465,-0.042995,-0.3508875,1.1923565,-0.038435,-0.3382374999999999,0.7995265,-0.4300349999999999,-0.0962804999999999,1.1765065,-0.4201749999999999,-0.0980915
157,1.0130495,0.6868650000000001,-0.2073565,0.8641935000000001,0.49474,-0.1933765,0.7882534999999999,0.7386349999999999,-0.3468665,1.1533635,0.498373,-0.1799165,1.2613035,0.728615,-0.3439665,0.7882635,1.016505,-0.4580465,1.2445935,0.950925,-0.4733165,0.9383815,0.000595,-0.0007005,1.0616185,-0.000595,0.0007004999999999,0.8293535,-0.0541649999999999,-0.3483965,1.1918235,-0.0509149999999999,-0.3343265,0.7990035,-0.443845,-0.0944385,1.1766035,-0.4363149999999999,-0.1006255
158,1.0134315,0.6894750000000001,-0.2042,0.8646345,0.496541,-0.1910299999999999,0.7888745,0.7380249999999999,-0.34121,1.1542245,0.50058,-0.17661,1.2616844999999999,0.7308049999999999,-0.33818,0.7880845000000001,1.016285,-0.45104,1.2447045,0.952755,-0.46563,0.9384225,0.0003949999999999,-0.0007109999999999,1.0615775,-0.0003949999999999,0.000711,0.8301245000000002,-0.067045,-0.34532,1.1911945,-0.0647949999999999,-0.33028,0.7985745000000001,-0.4597249999999999,-0.093692,1.1775245,-0.4536749999999999,-0.102019
159,1.0137585,0.69293,-0.200272,0.8646145000000001,0.498194,-0.188382,0.7893945,0.74203,-0.3350619999999999,1.1549145,0.50234,-0.173492,1.2619345,0.73308,-0.331562,0.7879145000000001,1.02026,-0.444412,1.2455045,0.9561,-0.457002,0.9383725,0.00051,-0.0007499999999999,1.0616275,-0.00051,0.00075,0.8306745,-0.0789099999999999,-0.3417519999999999,1.1905445000000001,-0.0779,-0.326322,0.7986245000000001,-0.47672,-0.092853,1.1781545,-0.47089,-0.102902
160,1.0141719999999999,0.696205,-0.195922,0.865031,0.500465,-0.185292,0.789991,0.743325,-0.328322,1.155911,0.5045850000000001,-0.169922,1.261881,0.7378750000000001,-0.324082,0.787831,1.022035,-0.436162,1.246751,0.961015,-0.447802,0.9382130000000001,0.0006749999999999,-0.0007379999999999,1.0617869999999998,-0.0006749999999999,0.0007379999999999,0.831081,-0.089575,-0.3368219999999999,1.189761,-0.0903749999999999,-0.321762,0.798881,-0.494065,-0.093583,1.178891,-0.488235,-0.103614
161,1.014586,0.69913,-0.1906735,0.865708,0.50467,-0.1810235,0.790518,0.74672,-0.3207934999999999,1.156888,0.50746,-0.1655135,1.262138,0.7420100000000001,-0.3157835,0.787408,1.02495,-0.4274535,1.2473779999999999,0.97387,-0.4380535,0.9380730000000002,0.00079,-0.0005714999999999,1.0619269999999998,-0.00079,0.0005715,0.831508,-0.1014299999999999,-0.3314235,1.188818,-0.1032699999999999,-0.3167235,0.799038,-0.5126900000000001,-0.0923355,1.179648,-0.50637,-0.1035514999999999
162,1.015298,0.70296,-0.1849135,0.866766,0.5075999999999999,-0.1768435,0.7912860000000002,0.74901,-0.3131434999999999,1.158306,0.50837,-0.1614135,1.262576,0.74641,-0.3073835,0.7869260000000001,1.02724,-0.4187535,1.248126,0.97981,-0.4271935,0.937902,0.0010799999999999,-0.0004404999999999,1.062098,-0.00108,0.0004404999999999,0.832376,-0.11242,-0.3255234999999999,1.188176,-0.11436,-0.3113335,0.7995260000000001,-0.53024,-0.0912895,1.180756,-0.52368,-0.1035195
163,1.0158985,0.705605,-0.1792155,0.8676535,0.510105,-0.1724155,0.7919435,0.751475,-0.3044255,1.1599135,0.510325,-0.1565355,1.2631735,0.750765,-0.2985955,0.7862935,1.028915,-0.4099055,1.2486135,0.981705,-0.4167754999999999,0.9377295000000001,0.001155,-0.0003794999999999,1.0622705,-0.001155,0.0003794999999999,0.8334334999999999,-0.1231249999999999,-0.3188255,1.1876235,-0.1265649999999999,-0.3061955,0.8000335000000001,-0.547585,-0.0908385,1.1819134999999998,-0.5416049999999999,-0.1033755
164,1.0164445,0.709265,-0.172794,0.8684295,0.513525,-0.167144,0.7918995,0.7537149999999999,-0.295714,1.1614395,0.512675,-0.151494,1.2638194999999999,0.754825,-0.289534,0.7854995,1.031435,-0.399614,1.2486495,0.988105,-0.405214,0.9375805,0.0013949999999999,-0.0003739999999999,1.0624195,-0.001395,0.0003739999999999,0.8344895,-0.134155,-0.312164,1.1868195,-0.138095,-0.300434,0.8007195,-0.5647150000000001,-0.090553,1.1828995,-0.559805,-0.1034209999999999
165,1.0169374999999998,0.71026,-0.1669344999999999,0.8691085000000001,0.51595,-0.1637044999999999,0.7922184999999999,0.75712,-0.2875145,1.1627385,0.51206,-0.1465345,1.2638785,0.7598100000000001,-0.2805545,0.7845985,1.03469,-0.3897645,1.2495785,0.99338,-0.3929545,0.9374085,0.00151,-0.0004175,1.0625915,-0.0015099999999999,0.0004175,0.8355085,-0.1435099999999999,-0.3051345,1.1859885,-0.1488499999999999,-0.2951245,0.8015384999999999,-0.58034,-0.0907975,1.1837985,-0.57711,-0.1036625
166,1.017096,0.712175,-0.1601715,0.8698250000000001,0.517835,-0.1605915,0.7925949999999999,0.763305,-0.2793015,1.164075,0.5126850000000001,-0.1418815,1.263915,0.762595,-0.2714815,0.7846150000000001,1.037135,-0.3798315,1.249875,0.996725,-0.3807415,0.9372510000000001,0.001535,-0.0005665,1.062749,-0.0015349999999999,0.0005664999999999,0.8367150000000001,-0.1520349999999999,-0.2979115,1.1850749999999999,-0.1584149999999999,-0.2890615,0.803085,-0.595225,-0.0910325,1.184665,-0.5938749999999999,-0.1035175
167,1.0170195,0.7124649999999999,-0.1523915,0.8703215,0.517535,-0.1574715,0.7927815,0.768315,-0.2711515,1.1650415,0.5111049999999999,-0.1365615,1.2639715,0.765475,-0.2615415,0.7843915000000001,1.040985,-0.3685215,1.2505415,1.001445,-0.3674015,0.9374505,0.0015649999999999,-0.0003165,1.0625495,-0.001565,0.0003164999999999,0.8378815,-0.160285,-0.2897715,1.1840115,-0.167925,-0.2824615,0.8045215,-0.610195,-0.0907594999999999,1.1852615,-0.610785,-0.1026135
168,1.0169985,0.711955,-0.1430295,0.8737045,0.5165850000000001,-0.1537395,0.7948045,0.770535,-0.2617795,1.1659345,0.512915,-0.1310885,1.2638844999999999,0.770195,-0.2504895,0.7842445,1.042385,-0.3556595,1.2517545,1.007525,-0.3548995,0.9377805,0.001505,-0.0002634999999999,1.0622195,-0.001505,0.0002634999999999,0.8393745,-0.166705,-0.2811795,1.1828245,-0.175095,-0.2750995,0.8060145,-0.623025,-0.0904245,1.1856545,-0.625605,-0.1018685
169,1.0171575,0.7103200000000001,-0.1339425,0.8748425,0.5146999999999999,-0.1501925,0.7955325,0.77396,-0.2523525,1.1666524999999999,0.51371,-0.1252464999999999,1.2635325,0.77389,-0.2399125,0.7832125,1.04462,-0.3416725,1.2516725,1.01322,-0.3414325,0.9382095,0.00134,-0.0002585,1.0617905,-0.0013399999999999,0.0002584999999999,0.8408225,-0.17357,-0.2727225,1.1817224999999998,-0.18233,-0.2675825,0.8076825,-0.63472,-0.0906705,1.1860525,-0.6396,-0.1009805
170,1.0172225,0.7051499999999999,-0.1250955,0.8772845000000001,0.5096099999999999,-0.1475805,0.7958244999999999,0.77117,-0.2434805,1.1672045,0.51868,-0.1193275,1.2628945,0.78018,-0.2298405,0.7820045,1.04291,-0.3278905,1.2526945,1.0131,-0.3282805,0.9386545,0.0005699999999999,-0.0001335,1.0613455,-0.00057,0.0001335,0.8423944999999999,-0.18156,-0.2637805,1.1798445,-0.18907,-0.2590805,0.8094445,-0.64708,-0.0908385,1.1864145,-0.6529200000000001,-0.1004575
171,1.0171424999999998,0.699225,-0.1162455,0.8790175000000001,0.5053650000000001,-0.1446454999999999,0.7963675,0.770365,-0.2341055,1.1673875,0.522105,-0.1141804999999999,1.2618675,0.785305,-0.2201755,0.7808075,1.039595,-0.3155055,1.2530675,1.014845,-0.3147655,0.9393125,-0.0001449999999999,-9.549999999999836e-05,1.0606875,0.000145,9.55000000000053e-05,0.8439975,-0.188585,-0.2538055,1.1771174999999998,-0.1942849999999999,-0.2502054999999999,0.8105275000000001,-0.6583749999999999,-0.0912435,1.1866575,-0.6634249999999999,-0.1001185
172,1.016905,0.698555,-0.1078679999999999,0.880139,0.5058549999999999,-0.140421,0.796879,0.773965,-0.225281,1.167319,0.523255,-0.109869,1.260449,0.7886550000000001,-0.210071,0.779289,1.041605,-0.302511,1.253179,1.021305,-0.302211,0.940035,-0.0002549999999999,-0.0001649999999999,1.059965,0.000255,0.000165,0.8457790000000001,-0.192985,-0.2424909999999999,1.173529,-0.1986649999999999,-0.240461,0.811329,-0.6671149999999999,-0.091395,1.186509,-0.6731849999999999,-0.100364
173,1.0164045,0.69357,-0.099794,0.8810415,0.50515,-0.136143,0.7975715,0.7775000000000001,-0.216853,1.1671215,0.52142,-0.106166,1.2588615,0.7891299999999999,-0.200133,0.7777015,1.04544,-0.292123,1.2540015,1.02136,-0.289033,0.9408295,-0.0003299999999999,-0.00025,1.0591705,0.0003299999999999,0.00025,0.8474615,-0.1999699999999999,-0.230443,1.1688115,-0.20273,-0.2291929999999999,0.8120015,-0.6783699999999999,-0.091375,1.1861315000000001,-0.6826700000000001,-0.100057
174,1.015384,0.6898249999999999,-0.091374,0.881248,0.504395,-0.1314779999999999,0.799728,0.7805949999999999,-0.208044,1.166458,0.5202150000000001,-0.102496,1.256758,0.789115,-0.1902039999999999,0.7783180000000001,1.046825,-0.282194,1.254478,1.021435,-0.276284,0.9413070000000001,-0.0004749999999999,-0.000361,1.0586929999999999,0.000475,0.000361,0.848578,-0.2070249999999999,-0.218134,1.163498,-0.2063149999999999,-0.217794,0.812288,-0.6893050000000001,-0.091426,1.184798,-0.6910050000000001,-0.099634
175,1.0141135,0.68542,-0.083284,0.8813934999999999,0.50385,-0.126501,0.8018935,0.78104,-0.19938,1.1656535,0.51884,-0.098754,1.2538935,0.79071,-0.1805199999999999,0.7790135,1.04922,-0.27214,1.2548235,1.02317,-0.26365,0.9419345,-0.0007299999999999,-0.0003189999999999,1.0580655,0.0007299999999999,0.000319,0.8497035,-0.21533,-0.20538,1.1581335,-0.21115,-0.2061899999999999,0.8125935,-0.70133,-0.091082,1.1832635,-0.69931,-0.098855
176,1.0145065,0.6835,-0.075673,0.8817935000000001,0.50525,-0.122429,0.8021035000000001,0.78347,-0.190484,1.1661035,0.5187,-0.095896,1.2533135,0.79281,-0.171314,0.7788935000000001,1.05257,-0.2632339999999999,1.2561935,1.02662,-0.252474,0.9423105,-0.0009799999999999,-0.000371,1.0576895,0.0009799999999999,0.0003709999999999,0.8528235,-0.21914,-0.190644,1.1533134999999999,-0.21426,-0.193434,0.8130634999999999,-0.71476,-0.088731,1.1826435,-0.7127399999999999,-0.097658
177,1.0148104999999998,0.6810585,-0.070279,0.8821225,0.5058385000000001,-0.118235,0.8022325,0.7845884999999999,-0.182741,1.1665725,0.5147885,-0.093292,1.2529625,0.7919685000000001,-0.1637809999999999,0.7784825,1.0538385,-0.252591,1.2571425,1.0288685,-0.241471,0.9427345,-0.0016284999999999,-0.0005389999999999,1.0572655,0.0016285,0.0005389999999999,0.8558325,-0.2249315,-0.1756909999999999,1.1482525,-0.2191415,-0.1805709999999999,0.8143625,-0.7227014999999999,-0.085698,1.1819125,-0.7195914999999999,-0.095786
178,1.0150415,0.679496,-0.059931,0.8822875,0.5067159999999999,-0.1092809999999999,0.8021375,0.7860159999999999,-0.170678,1.1669874999999998,0.5108459999999999,-0.086287,1.2530475,0.789076,-0.151368,0.7796075,1.055686,-0.239178,1.2577574999999999,1.030536,-0.227118,0.9430995,-0.002273,-0.0006529999999999,1.0569005,0.0022729999999999,0.000653,0.8587175,-0.2311139999999999,-0.154488,1.1430175,-0.223884,-0.1624479999999999,0.8156575,-0.730684,-0.077444,1.1806475,-0.726554,-0.088501
179,1.0153495,0.684038,-0.048281,0.8813355,0.513088,-0.094483,0.8021555,0.788378,-0.157077,1.1676655,0.507768,-0.07337,1.2531055,0.778278,-0.137197,0.7796255,1.053088,-0.223977,1.2581855,1.022188,-0.209937,0.9431565,-0.001424,-0.0005269999999999,1.0568435,0.001424,0.0005269999999999,0.8624355,-0.246592,-0.130207,1.1373855,-0.240172,-0.141117,0.8164855,-0.747972,-0.067208,1.1792455,-0.742812,-0.07842
180,1.0157365,0.6896365,-0.0371535,0.8771395,0.5216565,-0.0789175,0.8001595,0.7903265,-0.1445345,1.1684895,0.5057165,-0.0603285,1.2542195,0.7688065000000001,-0.1233445,0.7791995,1.0504865,-0.2092445,1.2584795,1.0139365,-0.1950645,0.9432125,-0.0006164999999999,-0.0003814999999999,1.0567875,0.0006165,0.0003814999999999,0.8656195000000001,-0.2615734999999999,-0.1065745,1.1322595,-0.2580535,-0.1201345,0.8168295000000001,-0.7645735,-0.0564925,1.1770995,-0.7603035,-0.0680725
181,1.016671,0.690271,-0.0259175,0.874064,0.523941,-0.0660555,0.797054,0.787061,-0.1325205,1.169294,0.505831,-0.0473634999999999,1.255004,0.7615109999999999,-0.1103005,0.777334,1.043071,-0.1942705,1.258554,1.002361,-0.1808705,0.9431350000000001,-0.000401,-0.0001694999999999,1.056865,0.0004009999999999,0.0001695,0.868364,-0.277489,-0.0855475,1.127954,-0.275019,-0.1004665,0.8172740000000001,-0.778849,-0.0453234999999999,1.1751839999999998,-0.777099,-0.0576705
182,1.0182805,0.6943655000000001,-0.0157855,0.8720125000000001,0.5263155,-0.0534355,0.7946925000000001,0.7843955,-0.1208735,1.1705424999999998,0.5089555,-0.0346635,1.2554925,0.7568355,-0.0985035,0.7759525,1.0356155,-0.1794335,1.2590225,0.9943155,-0.1681435,0.9425375,-0.0001974999999999,-3.749999999999999e-05,1.0574625,0.0001975,3.749999999999999e-05,0.8714425,-0.2909945,-0.0662275,1.1253625,-0.2904545,-0.0832945,0.8181725000000001,-0.7911545,-0.0345615,1.1734425,-0.7914844999999999,-0.0468735
183,1.020029,0.698923,-0.0058,0.870263,0.529143,-0.041109,0.794433,0.781713,-0.1100589999999999,1.171823,0.511943,-0.022167,1.256023,0.751713,-0.087536,0.775593,1.028463,-0.164599,1.259493,0.985663,-0.155359,0.941762,6.499999999999909e-05,0.0001619999999999,1.058238,-6.500000000000256e-05,-0.000162,0.874503,-0.304087,-0.047861,1.122963,-0.305887,-0.06623,0.819323,-0.8045869999999999,-0.024154,1.171873,-0.806707,-0.035491
184,1.0212645,0.7037615,0.0033355,0.8686375,0.5325215000000001,-0.0291364999999999,0.7941775,0.7793015000000001,-0.1001114999999999,1.1726775,0.5152515000000001,-0.0100465,1.2563575,0.7465915000000001,-0.0776235,0.7759975,1.0207115,-0.1506815,1.2598075,0.9752115,-0.1435615,0.9410725000000001,0.0004284999999999,0.0004325,1.0589274999999998,-0.0004284999999999,-0.0004325,0.8768375,-0.3165785,-0.0306125,1.1202575,-0.3208185,-0.0503384999999999,0.8197274999999999,-0.8178884999999999,-0.0141024999999999,1.1697875,-0.8219885,-0.0244365
185,1.0225695,0.707576,0.0120115,0.8665185,0.536336,-0.0172555,0.7942385000000001,0.777076,-0.0907825,1.1735385,0.518796,0.0019075,1.2569685,0.7412759999999999,-0.0685505,0.7766085,1.013336,-0.1376525,1.2601685,0.967236,-0.1327625,0.9406345,0.000786,0.0006405,1.0593655,-0.0007859999999999,-0.0006404999999999,0.8782285,-0.330514,-0.0163374999999999,1.1182685,-0.335434,-0.0360715,0.8199285000000001,-0.832514,-0.0063054999999999,1.1678685,-0.836924,-0.0141804999999999
186,1.023985,0.7120785000000001,0.020501,0.864456,0.5410485,-0.0057909999999999,0.793946,0.7751085,-0.082208,1.174396,0.5231085,0.013259,1.257796,0.7361485,-0.060089,0.7769159999999999,1.0068685,-0.127978,1.260416,0.9596685,-0.123238,0.940214,0.0014944999999999,0.001132,1.059786,-0.0014945,-0.0011319999999999,0.879656,-0.3432115,-0.0033749999999999,1.116846,-0.3488814999999999,-0.023183,0.820006,-0.8456315,0.000664,1.166076,-0.8505015,-0.0049039999999999
187,1.025705,0.7165779999999999,0.0236105,0.862867,0.546478,0.0004625,0.793567,0.773818,-0.0789675,1.175357,0.527868,0.0191595,1.258987,0.731298,-0.0571555,0.777237,1.000948,-0.1240675,1.260827,0.952548,-0.1193075,0.939874,0.002239,0.0015625,1.060126,-0.0022389999999999,-0.0015624999999999,0.881237,-0.355132,0.0017605,1.115957,-0.361442,-0.0167405,0.820217,-0.857992,0.0022135,1.164827,-0.863132,-0.0014064999999999
188,1.026632,0.7180715,0.0257515,0.862837,0.5468014999999999,0.0011695,0.793467,0.7744314999999999,-0.0764375,1.1754769999999999,0.5281115000000001,0.0194845,1.259107,0.7316415000000001,-0.0550564999999999,0.777127,1.0024015,-0.1213275,1.261127,0.9538015,-0.1172775,0.939874,0.0019924999999999,0.0015625,1.060126,-0.0019925,-0.0015624999999999,0.8815570000000001,-0.3551785,0.0036395,1.115867,-0.3613885,-0.0144164999999999,0.819787,-0.8559885,0.0025725,1.163597,-0.8633284999999999,0.0001495
189,1.027422,0.7187030000000001,0.0280145,0.862807,0.546813,0.0019594999999999,0.793347,0.774483,-0.0737375,1.1756069999999998,0.528103,0.0198835,1.259217,0.731703,-0.0528415,0.776857,1.003753,-0.1185575,1.261977,0.953753,-0.1148875,0.939874,0.001944,0.0015625,1.060126,-0.001944,-0.0015624999999999,0.881927,-0.355227,0.0043585,1.115807,-0.361337,-0.0127214999999999,0.819427,-0.8560369999999999,0.0025585,1.163217,-0.8633869999999999,0.0014615
190,1.028057,0.7190845,0.0301835,0.862747,0.5467744999999999,0.0035455,0.793227,0.7744445,-0.0709625,1.175997,0.5280644999999999,0.0210365,1.259307,0.7317445,-0.0506724999999999,0.776587,1.0048145,-0.1168075,1.262477,0.9550145,-0.1127975,0.939874,0.0019054999999999,0.0015625,1.060126,-0.0019055,-0.0015624999999999,0.8822270000000001,-0.3552655,0.0050125,1.115747,-0.3613055,-0.0111075,0.819177,-0.8560755,0.0021515,1.162897,-0.8633755,0.0026195
191,1.027949,0.7194205,0.0315225,0.862484,0.5467504999999999,0.0042295,0.793034,0.7744205,-0.0694935,1.175764,0.5280604999999999,0.0211615,1.258874,0.7320004999999999,-0.0495904999999999,0.775964,1.0046905,-0.1160205,1.2626140000000001,0.9560905,-0.1121605,0.9400030000000001,0.0018475,0.0017875,1.0599969999999999,-0.0018475,-0.0017875,0.881644,-0.3552895,0.0046784999999999,1.115534,-0.3612895,-0.0105905,0.818744,-0.8560995,0.0002225,1.162244,-0.8633195,0.0025904999999999
192,1.027716,0.7197155000000001,0.032517,0.86219,0.5470255,0.0048099999999999,0.79254,0.7747155,-0.06833,1.17554,0.5282555,0.0213499999999999,1.25849,0.7313955,-0.048759,0.7753099999999999,1.0049855,-0.11562,1.26288,0.9561855,-0.1119599999999999,0.940119,0.0016344999999999,0.0019719999999999,1.059881,-0.0016344999999999,-0.001972,0.88127,-0.3554845,0.0042779999999999,1.11533,-0.3610045,-0.010547,0.81801,-0.8562244999999999,-0.000742,1.16164,-0.8631345,0.0016309999999999
193,1.0273845,0.7199930000000001,0.0332505,0.8619114999999999,0.5472729999999999,0.0056914999999999,0.7918715000000001,0.774923,-0.0675425,1.1753414999999998,0.5284530000000001,0.0217895,1.2580415,0.730443,-0.0480075,0.7744314999999999,1.005163,-0.1168835,1.2628915,0.957363,-0.1116135,0.9402495,0.0014529999999999,0.0021644999999999,1.0597505,-0.0014529999999999,-0.0021644999999999,0.8809515,-0.355657,0.0038615,1.1150915,-0.360767,-0.0108435,0.8172815,-0.8563769999999999,-0.0018025,1.1610015,-0.862957,0.0006574999999999
194,1.026979,0.7202725000000001,0.033752,0.8616630000000001,0.5475025,0.00667,0.791203,0.7750625,-0.067128,1.175233,0.5286824999999999,0.022375,1.257723,0.7295825,-0.047403,0.773623,1.0060425,-0.116813,1.262953,0.9616425,-0.111173,0.9403500000000001,0.0012824999999999,0.002332,1.05965,-0.0012825,-0.002332,0.880483,-0.3557875,0.0034059999999999,1.114883,-0.3605875,-0.0113159999999999,0.816913,-0.8564775,-0.0040129999999999,1.160383,-0.8627975000000001,-0.0002899999999999
195,1.026689,0.7207300000000001,0.0345015,0.8615960000000001,0.5475300000000001,0.0080015,0.790736,0.7749600000000001,-0.0665564999999999,1.175386,0.52918,0.0236295,1.2575859999999999,0.7297199999999999,-0.0465645,0.7724460000000001,1.0074,-0.1177765,1.263266,0.9669,-0.1111164999999999,0.940382,0.0010659999999999,0.0025025,1.059618,-0.0010659999999999,-0.0025025,0.880056,-0.35599,0.0029605,1.114826,-0.36038,-0.0118385,0.8168759999999999,-0.8566400000000001,-0.0060925,1.160306,-0.8626199999999999,-0.0011865
196,1.0265469999999999,0.721123,0.0352145,0.8616960000000001,0.547513,0.0094475,0.790456,0.774843,-0.0663125,1.175676,0.529633,0.0249495,1.257816,0.729993,-0.0460575,0.7710860000000002,1.009233,-0.1186115,1.263946,0.972133,-0.1117514999999999,0.940369,0.0008689999999999,0.0026765,1.059631,-0.0008689999999999,-0.0026764999999999,0.879816,-0.3561569999999999,0.0026355,1.1148859999999998,-0.360197,-0.0122404999999999,0.817006,-0.856817,-0.0079454999999999,1.160436,-0.862437,-0.0019254999999999
197,1.026528,0.721491,0.0358305,0.861925,0.547411,0.0109565,0.7902950000000001,0.774701,-0.0666335,1.176165,0.5298809999999999,0.0263085,1.258395,0.7304309999999999,-0.0461125,0.769825,1.013861,-0.1194224999999999,1.264775,0.977161,-0.1124824999999999,0.940328,0.0006979999999999,0.0028304999999999,1.059672,-0.000698,-0.0028305,0.879745,-0.356299,0.0023464999999999,1.115075,-0.3600489999999999,-0.0126725,0.8172050000000001,-0.8569490000000001,-0.0096325,1.160795,-0.8622690000000001,-0.0025915
198,1.026486,0.721902,0.0362355,0.861896,0.547342,0.0124265,0.789846,0.774402,-0.0672425,1.176666,0.5302520000000001,0.0276385,1.259136,0.731212,-0.0468345,0.767786,1.015372,-0.1205145,1.265626,0.982272,-0.1132044999999999,0.9402540000000001,0.000531,0.0030174999999999,1.0597459999999999,-0.0005309999999999,-0.0030174999999999,0.879686,-0.356448,0.0019985,1.115086,-0.359888,-0.0131695,0.816976,-0.857158,-0.0112365,1.1611259999999999,-0.8621179999999999,-0.0034614999999999
199,1.02647,0.7221125,0.0366585,0.8618319999999999,0.5469225,0.0132365,0.789002,0.7738625,-0.0679205,1.177032,0.5304725,0.0284135,1.260392,0.7319125,-0.0474334999999999,0.765102,1.0169025,-0.1222105,1.2664520000000001,0.9838025,-0.1142505,0.940216,0.0004615,0.0029945,1.059784,-0.0004615,-0.0029944999999999,0.879512,-0.3564775,0.0016175,1.115112,-0.3598175,-0.0136114999999999,0.8169919999999999,-0.8572775,-0.0125354999999999,1.161552,-0.8620475,-0.0040914999999999
200,1.026463,0.7225820000000001,0.0370869999999999,0.861772,0.546672,0.014178,0.7869120000000001,0.773022,-0.068094,1.177442,0.530412,0.029238,1.262662,0.732762,-0.048038,0.7620020000000001,1.018102,-0.1250109999999999,1.267962,0.981402,-0.1154309999999999,0.9401960000000001,0.0005359999999999,0.0028289999999999,1.059804,-0.0005359999999999,-0.002829,0.879152,-0.356388,0.0009139999999999,1.115132,-0.359868,-0.014027,0.817012,-0.857258,-0.013818,1.161972,-0.862078,-0.004766
201,1.0265425,0.7233455,0.0375755,0.8617745,0.5462555,0.0152224999999999,0.7822245,0.7691055,-0.0684755,1.1779345,0.5304154999999999,0.0301504999999999,1.2668344999999999,0.7320755000000001,-0.0486515,0.7579245,1.0198255,-0.1300465,1.2699945,0.9812255,-0.1177264999999999,0.9401605,0.0007085,0.0025714999999999,1.0598395,-0.0007085,-0.0025715,0.8788145,-0.3561845,0.0001824999999999,1.1152045,-0.3600545,-0.0145905,0.8174045,-0.8571145,-0.0147215,1.1628445,-0.8621745000000001,-0.0053955
202,1.026727,0.7244659999999999,0.038162,0.861486,0.545346,0.016212,0.775706,0.762736,-0.069394,1.178496,0.5302859999999999,0.030934,1.273116,0.7291759999999999,-0.04937,0.7530460000000001,1.018836,-0.136374,1.275306,0.978836,-0.122524,0.940028,0.000835,0.0022019999999999,1.059972,-0.000835,-0.0022019999999999,0.8784959999999999,-0.355994,-0.000503,1.115366,-0.360184,-0.0151539999999999,0.817616,-0.8570340000000001,-0.0154329999999999,1.163746,-0.862214,-0.0059869999999999
203,1.026968,0.725807,0.038941,0.8608340000000001,0.543917,0.017349,0.7667540000000002,0.751797,-0.070371,1.179074,0.5298470000000001,0.03182,1.281804,0.723857,-0.049995,0.7473339999999999,1.012817,-0.143595,1.2810439999999998,0.976417,-0.128735,0.939896,0.000993,0.001843,1.060104,-0.000993,-0.0018429999999999,0.878274,-0.355823,-0.0011509999999999,1.115534,-0.3603429999999999,-0.015722,0.817834,-0.856963,-0.0160459999999999,1.164714,-0.8622529999999999,-0.0063539999999999
204,1.0272995,0.727262,0.039577,0.8599295,0.542492,0.018575,0.7563495,0.739122,-0.0707059999999999,1.1796995,0.528492,0.032247,1.2928195,0.712032,-0.049751,0.7392795000000001,0.999092,-0.154118,1.2892394999999999,0.964892,-0.136488,0.9397795,0.0012139999999999,0.001454,1.0602205,-0.0012139999999999,-0.001454,0.8780895,-0.355588,-0.001857,1.1156595,-0.360588,-0.01622,0.8180995,-0.856788,-0.01668,1.1656395,-0.862368,-0.0067
